|--- log1p_min_over_range <= 0.83
|   |--- normalized_q25 <= 0.11
|   |   |--- top2_gaps_over_range <= 0.55
|   |   |   |--- value: [0.44, 0.26, 0.11, 0.16, 0.18, 0.31, 0.29, 0.31, 0.44, 0.44, 0.44, 0.46, 0.46, 0.46, 0.46, 0.56, 0.66, 0.74]
|   |   |--- top2_gaps_over_range >  0.55
|   |   |   |--- value: [0.83, 0.58, 0.34, 0.55, 0.67, 0.83, 0.89, 0.94, 0.96, 0.97, 0.99, 1.00, 1.00, 1.00, 1.00, 1.00, 1.01, 1.01]
|   |--- normalized_q25 >  0.11
|   |   |--- normalized_q40 <= 0.52
|   |   |   |--- normalized_sd <= 0.32
|   |   |   |   |--- value: [0.06, 0.06, 0.06, 0.06, 0.07, 0.12, 0.17, 0.15, 0.06, 0.05, 0.06, 0.07, 0.07, 0.08, 0.10, 0.11, 0.13, 0.16]
|   |   |   |--- normalized_sd >  0.32
|   |   |   |   |--- value: [0.24, 0.22, 0.18, 0.16, 0.12, 0.17, 0.20, 0.25, 0.24, 0.25, 0.27, 0.31, 0.34, 0.36, 0.41, 0.44, 0.53, 0.61]
|   |   |--- normalized_q40 >  0.52
|   |   |   |--- log1p_min_over_range <= 0.67
|   |   |   |   |--- value: [0.68, 0.68, 0.68, 0.68, 0.71, 0.68, 0.71, 0.75, 0.68, 0.32, 0.20, 0.12, 0.10, 0.10, 0.05, 0.02, 0.05, 0.05]
|   |   |   |--- log1p_min_over_range >  0.67
|   |   |   |   |--- value: [0.27, 0.27, 0.27, 0.36, 0.61, 0.37, 0.36, 0.37, 0.27, 0.06, 0.06, 0.05, 0.06, 0.05, 0.09, 0.18, 0.25, 0.42]
|--- log1p_min_over_range >  0.83
|   |--- normalized_sd <= 0.31
|   |   |--- log1p_min_over_range <= 1.63
|   |   |   |--- log1p_min_over_range <= 1.11
|   |   |   |   |--- value: [0.20, 0.20, 0.20, 0.49, 0.70, 0.43, 0.34, 0.26, 0.20, 0.22, 0.24, 0.25, 0.27, 0.30, 0.34, 0.37, 0.40, 0.43]
|   |   |   |--- log1p_min_over_range >  1.11
|   |   |   |   |--- value: [0.29, 0.29, 0.28, 0.98, 0.90, 0.66, 0.56, 0.43, 0.29, 0.25, 0.25, 0.26, 0.28, 0.30, 0.33, 0.36, 0.40, 0.42]
|   |   |--- log1p_min_over_range >  1.63
|   |   |   |--- normalized_mean <= 0.51
|   |   |   |   |--- value: [0.83, 0.83, 0.83, 1.02, 0.50, 0.30, 0.43, 0.68, 0.83, 0.97, 1.00, 1.02, 1.02, 1.02, 1.02, 1.02, 1.02, 1.02]
|   |   |   |--- normalized_mean >  0.51
|   |   |   |   |--- value: [0.01, 0.01, 0.01, 1.02, 0.97, 0.06, 0.03, 0.03, 0.01, 0.10, 0.24, 0.40, 0.49, 0.53, 0.66, 0.73, 0.85, 0.88]
|   |--- normalized_sd >  0.31
|   |   |--- normalized_q25 <= 0.17
|   |   |   |--- log1p_min_over_range <= 1.30
|   |   |   |   |--- value: [0.75, 0.66, 0.56, 0.49, 0.44, 0.56, 0.69, 0.78, 0.78, 0.82, 0.82, 0.84, 0.84, 0.87, 0.88, 0.90, 0.95, 0.95]
|   |   |   |--- log1p_min_over_range >  1.30
|   |   |   |   |--- value: [1.00, 0.99, 0.89, 0.79, 0.59, 0.45, 0.73, 0.99, 1.00, 1.00, 1.01, 1.02, 1.02, 1.02, 1.02, 1.02, 1.02, 1.02]
|   |   |--- normalized_q25 >  0.17
|   |   |   |--- log1p_min_over_range <= 1.30
|   |   |   |   |--- value: [0.39, 0.39, 0.39, 0.44, 0.64, 0.62, 0.63, 0.52, 0.39, 0.42, 0.42, 0.43, 0.45, 0.48, 0.52, 0.55, 0.61, 0.68]
|   |   |   |--- log1p_min_over_range >  1.30
|   |   |   |   |--- value: [0.62, 0.62, 0.62, 0.94, 0.97, 0.57, 0.58, 0.58, 0.62, 0.69, 0.72, 0.74, 0.76, 0.79, 0.83, 0.85, 0.87, 0.90]
