beta_true,eta_true,sample_size,offset_value,sim_id,est_beta,est_eta,est_gamma,bias_beta,bias_eta,bias_gamma,r_squared
1.5,200,20,0.1,1,1.165065,127.638432,1026.620370,-0.334935,-72.361568,26.620370,0.956708
1.5,200,20,0.1,2,1.062694,173.799570,1044.554788,-0.437306,-26.200430,44.554788,0.968693
1.5,200,20,0.1,3,1.133039,181.539743,1000.014222,-0.366961,-18.460257,0.014222,0.985381
1.5,200,20,0.1,4,2.817467,208.529264,979.210841,1.317467,8.529264,-20.789159,0.990534
1.5,200,20,0.1,5,1.182406,109.102150,1084.454086,-0.317594,-90.897850,84.454086,0.906889
1.5,200,20,0.1,6,1.060828,211.107180,997.603214,-0.439172,11.107180,-2.396786,0.970813
1.5,200,20,0.1,7,1.790855,233.049665,973.828336,0.290855,33.049665,-26.171664,0.979198
1.5,200,20,0.1,8,1.137302,223.061504,1008.466565,-0.362698,23.061504,8.466565,0.976659
1.5,200,20,0.1,9,2.348681,229.739818,969.240304,0.848681,29.739818,-30.759696,0.961722
1.5,200,20,0.1,10,1.725215,179.959640,987.372252,0.225215,-20.040360,-12.627748,0.968012
1.5,200,20,0.1,11,1.737182,183.457103,1045.407584,0.237182,-16.542897,45.407584,0.946472
1.5,200,20,0.1,12,1.157804,232.152620,997.147421,-0.342196,32.152620,-2.852579,0.990825
1.5,200,20,0.1,13,2.661643,302.575297,926.861008,1.161643,102.575297,-73.138992,0.954719
1.5,200,20,0.1,14,1.180694,192.963189,1018.284714,-0.319306,-7.036811,18.284714,0.974849
1.5,200,20,0.1,15,1.157168,161.080512,1035.830282,-0.342832,-38.919488,35.830282,0.962920
1.5,200,20,0.1,16,1.147770,211.028820,1004.679148,-0.352230,11.028820,4.679148,0.976047
1.5,200,20,0.1,17,1.151651,188.917763,1048.353007,-0.348349,-11.082237,48.353007,0.962336
1.5,200,20,0.1,18,1.439843,224.965277,1000.960279,-0.060157,24.965277,0.960279,0.986891
1.5,200,20,0.1,19,1.921358,207.684562,992.156090,0.421358,7.684562,-7.843910,0.976872
1.5,200,20,0.1,20,1.044025,205.515437,1009.712637,-0.455975,5.515437,9.712637,0.946779
1.5,200,20,0.1,21,0.869940,98.665831,1026.628542,-0.630060,-101.334169,26.628542,0.986280
1.5,200,20,0.1,22,2.273978,200.937995,971.362972,0.773978,0.937995,-28.637028,0.978325
1.5,200,20,0.1,23,1.780883,214.648906,993.544800,0.280883,14.648906,-6.455200,0.975469
1.5,200,20,0.1,24,1.282171,174.106610,1008.278999,-0.217829,-25.893390,8.278999,0.928657
1.5,200,20,0.1,25,0.933802,203.139235,1033.705797,-0.566198,3.139235,33.705797,0.985580
1.5,200,20,0.1,26,1.006335,190.464146,1006.121867,-0.493665,-9.535854,6.121867,0.981901
1.5,200,20,0.1,27,1.686496,266.894568,966.497196,0.186496,66.894568,-33.502804,0.986464
1.5,200,20,0.1,28,1.902916,250.921725,975.089688,0.402916,50.921725,-24.910312,0.959348
1.5,200,20,0.1,29,1.385740,162.062889,995.748055,-0.114260,-37.937111,-4.251945,0.981544
1.5,200,20,0.1,30,2.260830,162.012514,1011.813389,0.760830,-37.987486,11.813389,0.948616
1.5,200,20,0.1,31,1.141353,208.111747,1000.279432,-0.358647,8.111747,0.279432,0.983934
1.5,200,20,0.1,32,1.933809,205.014923,1014.005069,0.433809,5.014923,14.005069,0.961999
1.5,200,20,0.1,33,1.096365,220.697238,996.230025,-0.403635,20.697238,-3.769975,0.985813
1.5,200,20,0.1,34,1.703359,274.353631,978.628895,0.203359,74.353631,-21.371105,0.967023
1.5,200,20,0.1,35,1.183907,167.986844,1009.743027,-0.316093,-32.013156,9.743027,0.962808
1.5,200,20,0.1,36,1.586756,286.948657,977.337787,0.086756,86.948657,-22.662213,0.959581
1.5,200,20,0.1,37,2.029329,235.242627,978.273288,0.529329,35.242627,-21.726712,0.974904
1.5,200,20,0.1,38,3.159098,288.193466,916.711737,1.659098,88.193466,-83.288263,0.984515
1.5,200,20,0.1,39,2.235720,186.202464,997.607355,0.735720,-13.797536,-2.392645,0.961786
1.5,200,20,0.1,40,2.342004,223.595044,968.937039,0.842004,23.595044,-31.062961,0.970600
1.5,200,20,0.1,41,1.128740,157.859672,1015.517372,-0.371260,-42.140328,15.517372,0.957890
1.5,200,20,0.1,42,1.522854,272.250118,992.539284,0.022854,72.250118,-7.460716,0.977101
1.5,200,20,0.1,43,1.213277,147.462882,1022.567043,-0.286723,-52.537118,22.567043,0.979496
1.5,200,20,0.1,44,2.216915,232.643272,953.582582,0.716915,32.643272,-46.417418,0.985711
1.5,200,20,0.1,45,1.764862,240.285894,970.918990,0.264862,40.285894,-29.081010,0.972392
1.5,200,20,0.1,46,1.048030,210.989608,1025.417582,-0.451970,10.989608,25.417582,0.961643
1.5,200,20,0.1,47,1.139795,172.502213,1021.858572,-0.360205,-27.497787,21.858572,0.969836
1.5,200,20,0.1,48,2.029566,222.527108,1031.044517,0.529566,22.527108,31.044517,0.978086
1.5,200,20,0.1,49,1.670396,184.437357,1016.077253,0.170396,-15.562643,16.077253,0.989562
1.5,200,20,0.1,50,1.205218,148.772690,1031.141441,-0.294782,-51.227310,31.141441,0.983672
1.5,200,20,0.1,51,1.762027,252.502668,986.727593,0.262027,52.502668,-13.272407,0.949487
1.5,200,20,0.1,52,2.191683,273.800406,955.094896,0.691683,73.800406,-44.905104,0.981636
1.5,200,20,0.1,53,1.644388,178.080591,1015.468913,0.144388,-21.919409,15.468913,0.965828
1.5,200,20,0.1,54,1.211438,155.169856,1042.061723,-0.288562,-44.830144,42.061723,0.948467
1.5,200,20,0.1,55,2.205001,331.467371,941.203882,0.705001,131.467371,-58.796118,0.984137
1.5,200,20,0.1,56,2.016733,287.848059,946.267533,0.516733,87.848059,-53.732467,0.948643
1.5,200,20,0.1,57,1.734386,233.753529,967.384620,0.234386,33.753529,-32.615380,0.969511
1.5,200,20,0.1,58,1.713180,225.275658,988.808353,0.213180,25.275658,-11.191647,0.978154
1.5,200,20,0.1,59,1.943982,232.825231,982.102618,0.443982,32.825231,-17.897382,0.951156
1.5,200,20,0.1,60,1.605025,221.824447,1016.981228,0.105025,21.824447,16.981228,0.962496
1.5,200,20,0.1,61,2.440583,212.852811,963.732419,0.940583,12.852811,-36.267581,0.921983
1.5,200,20,0.1,62,1.449935,250.889717,994.427791,-0.050065,50.889717,-5.572209,0.964822
1.5,200,20,0.1,63,2.086903,186.787797,980.738810,0.586903,-13.212203,-19.261190,0.968195
1.5,200,20,0.1,64,1.664325,209.921168,1005.075889,0.164325,9.921168,5.075889,0.977124
1.5,200,20,0.1,65,1.250847,147.919022,1000.391458,-0.249153,-52.080978,0.391458,0.971622
1.5,200,20,0.1,66,1.473995,164.528378,1016.689397,-0.026005,-35.471622,16.689397,0.978443
1.5,200,20,0.1,67,1.345820,171.527329,1026.428156,-0.154180,-28.472671,26.428156,0.963318
1.5,200,20,0.1,68,2.026890,204.971128,974.262334,0.526890,4.971128,-25.737666,0.983595
1.5,200,20,0.1,69,1.175328,165.376883,1028.960673,-0.324672,-34.623117,28.960673,0.972438
1.5,200,20,0.1,70,1.188375,205.364798,991.301243,-0.311625,5.364798,-8.698757,0.930740
1.5,200,20,0.1,71,1.228762,183.397781,993.275511,-0.271238,-16.602219,-6.724489,0.958253
1.5,200,20,0.1,72,1.376498,153.940026,1031.096664,-0.123502,-46.059974,31.096664,0.981750
1.5,200,20,0.1,73,1.868262,202.956832,968.612679,0.368262,2.956832,-31.387321,0.944509
1.5,200,20,0.1,74,1.649840,217.930613,973.780861,0.149840,17.930613,-26.219139,0.975646
1.5,200,20,0.1,75,2.360060,167.486941,1001.759225,0.860060,-32.513059,1.759225,0.944489
1.5,200,20,0.1,76,0.754118,102.195135,1011.898032,-0.745882,-97.804865,11.898032,0.972056
1.5,200,20,0.1,77,0.845588,131.601930,1028.719363,-0.654412,-68.398070,28.719363,0.975153
1.5,200,20,0.1,78,2.197642,245.522753,983.731800,0.697642,45.522753,-16.268200,0.988187
1.5,200,20,0.1,79,1.762308,223.849879,971.672989,0.262308,23.849879,-28.327011,0.889371
1.5,200,20,0.1,80,2.235547,223.440106,966.416092,0.735547,23.440106,-33.583908,0.975248
1.5,200,20,0.1,81,1.915779,201.341005,1024.580172,0.415779,1.341005,24.580172,0.989642
1.5,200,20,0.1,82,1.122141,183.919502,999.275099,-0.377859,-16.080498,-0.724901,0.976744
1.5,200,20,0.1,83,1.205963,189.236356,1043.186646,-0.294037,-10.763644,43.186646,0.960293
1.5,200,20,0.1,84,1.019841,176.091400,1025.075562,-0.480159,-23.908600,25.075562,0.979698
1.5,200,20,0.1,85,2.156711,258.704875,958.056796,0.656711,58.704875,-41.943204,0.961588
1.5,200,20,0.1,86,2.079976,240.355897,969.932265,0.579976,40.355897,-30.067735,0.956403
1.5,200,20,0.1,87,1.334182,198.237426,1031.318828,-0.165818,-1.762574,31.318828,0.962186
1.5,200,20,0.1,88,1.147645,188.392016,1008.138666,-0.352355,-11.607984,8.138666,0.989063
1.5,200,20,0.1,89,2.075356,305.924558,938.617122,0.575356,105.924558,-61.382878,0.934550
1.5,200,20,0.1,90,0.987618,178.138497,1004.948142,-0.512382,-21.861503,4.948142,0.976642
1.5,200,20,0.1,91,1.506155,214.531982,984.809628,0.006155,14.531982,-15.190372,0.985689
1.5,200,20,0.1,92,1.334932,235.983617,1008.753561,-0.165068,35.983617,8.753561,0.980108
1.5,200,20,0.1,93,1.632835,207.614934,979.927019,0.132835,7.614934,-20.072981,0.973336
1.5,200,20,0.1,94,2.023863,296.155555,975.132005,0.523863,96.155555,-24.867995,0.952444
1.5,200,20,0.1,95,1.959032,272.730671,949.942077,0.459032,72.730671,-50.057923,0.947527
1.5,200,20,0.1,96,1.160489,228.249469,1008.042038,-0.339511,28.249469,8.042038,0.982622
1.5,200,20,0.1,97,1.254165,180.897927,999.100969,-0.245835,-19.102073,-0.899031,0.979313
1.5,200,20,0.1,98,1.138914,155.947557,993.118578,-0.361086,-44.052443,-6.881422,0.964066
1.5,200,20,0.1,99,0.927603,142.602474,1032.130343,-0.572397,-57.397526,32.130343,0.972372
1.5,200,20,0.1,100,1.161380,127.792414,1015.430264,-0.338620,-72.207586,15.430264,0.979948
1.5,200,20,0.1,101,1.329371,215.702323,990.181689,-0.170629,15.702323,-9.818311,0.980932
1.5,200,20,0.1,102,2.539419,268.033045,954.944058,1.039419,68.033045,-45.055942,0.953650
1.5,200,20,0.1,103,1.445913,147.871374,1031.266254,-0.054087,-52.128626,31.266254,0.967271
1.5,200,20,0.1,104,2.656679,286.930148,920.958917,1.156679,86.930148,-79.041083,0.950345
1.5,200,20,0.1,105,1.753425,220.890561,1007.756593,0.253425,20.890561,7.756593,0.974517
1.5,200,20,0.1,106,1.376963,175.581293,1037.340960,-0.123037,-24.418707,37.340960,0.975962
1.5,200,20,0.1,107,0.958575,142.175154,1048.247181,-0.541425,-57.824846,48.247181,0.966806
1.5,200,20,0.1,108,1.698188,257.653963,981.173700,0.198188,57.653963,-18.826300,0.956504
1.5,200,20,0.1,109,1.628333,283.468905,974.853515,0.128333,83.468905,-25.146485,0.994756
1.5,200,20,0.1,110,2.719235,151.179519,996.480397,1.219235,-48.820481,-3.519603,0.957058
1.5,200,20,0.1,111,1.923580,247.902883,963.277949,0.423580,47.902883,-36.722051,0.953681
1.5,200,20,0.1,112,1.180094,218.025687,1023.003293,-0.319906,18.025687,23.003293,0.986179
1.5,200,20,0.1,113,2.248583,309.509508,942.844989,0.748583,109.509508,-57.155011,0.990249
1.5,200,20,0.1,114,1.367997,157.419048,1006.528842,-0.132003,-42.580952,6.528842,0.973573
1.5,200,20,0.1,115,1.302864,168.253228,1054.615566,-0.197136,-31.746772,54.615566,0.926408
1.5,200,20,0.1,116,2.088384,273.555806,968.007052,0.588384,73.555806,-31.992948,0.982437
1.5,200,20,0.1,117,1.138786,221.379041,1013.286802,-0.361214,21.379041,13.286802,0.988057
1.5,200,20,0.1,118,1.643643,269.010750,990.696142,0.143643,69.010750,-9.303858,0.987536
1.5,200,20,0.1,119,1.363636,197.418267,1011.243535,-0.136364,-2.581733,11.243535,0.954876
1.5,200,20,0.1,120,1.698553,234.879091,983.090900,0.198553,34.879091,-16.909100,0.980011
1.5,200,20,0.1,121,1.081015,164.084819,994.556616,-0.418985,-35.915181,-5.443384,0.969264
1.5,200,20,0.1,122,2.131184,231.164821,963.231093,0.631184,31.164821,-36.768907,0.967062
1.5,200,20,0.1,123,2.205027,196.515098,989.238903,0.705027,-3.484902,-10.761097,0.957875
1.5,200,20,0.1,124,1.848346,303.595898,974.417459,0.348346,103.595898,-25.582541,0.947243
1.5,200,20,0.1,125,1.132289,141.333658,1008.880873,-0.367711,-58.666342,8.880873,0.960687
1.5,200,20,0.1,126,1.144097,226.994578,1029.921875,-0.355903,26.994578,29.921875,0.954974
1.5,200,20,0.1,127,1.003474,130.517329,1045.273967,-0.496526,-69.482671,45.273967,0.987256
1.5,200,20,0.1,128,1.125029,180.263606,1044.242979,-0.374971,-19.736394,44.242979,0.962830
1.5,200,20,0.1,129,2.076089,265.789775,965.009475,0.576089,65.789775,-34.990525,0.982874
1.5,200,20,0.1,130,2.298130,277.532890,963.779101,0.798130,77.532890,-36.220899,0.949560
1.5,200,20,0.1,131,1.197080,174.170511,1050.380298,-0.302920,-25.829489,50.380298,0.987465
1.5,200,20,0.1,132,1.246278,159.237182,1014.194700,-0.253722,-40.762818,14.194700,0.957818
1.5,200,20,0.1,133,0.930590,150.867797,1046.590232,-0.569410,-49.132203,46.590232,0.970814
1.5,200,20,0.1,134,2.631841,281.333175,934.937132,1.131841,81.333175,-65.062868,0.969465
1.5,200,20,0.1,135,1.804385,175.190157,986.777446,0.304385,-24.809843,-13.222554,0.960735
1.5,200,20,0.1,136,1.821969,214.527025,1000.468892,0.321969,14.527025,0.468892,0.952266
1.5,200,20,0.1,137,1.577959,256.896927,967.941787,0.077959,56.896927,-32.058213,0.970371
1.5,200,20,0.1,138,1.236914,160.092061,1004.692055,-0.263086,-39.907939,4.692055,0.960261
1.5,200,20,0.1,139,1.645881,190.289834,996.079521,0.145881,-9.710166,-3.920479,0.965665
1.5,200,20,0.1,140,1.989401,214.730650,973.686357,0.489401,14.730650,-26.313643,0.987027
1.5,200,20,0.1,141,1.215422,174.874482,1003.425034,-0.284578,-25.125518,3.425034,0.972412
1.5,200,20,0.1,142,2.018687,221.935545,967.515416,0.518687,21.935545,-32.484584,0.965075
1.5,200,20,0.1,143,1.811239,207.216650,975.925162,0.311239,7.216650,-24.074838,0.979761
1.5,200,20,0.1,144,1.525711,172.923668,999.616150,0.025711,-27.076332,-0.383850,0.974191
1.5,200,20,0.1,145,2.354708,237.228262,956.669575,0.854708,37.228262,-43.330425,0.973176
1.5,200,20,0.1,146,1.530525,273.569262,972.816040,0.030525,73.569262,-27.183960,0.975556
1.5,200,20,0.1,147,1.886771,197.329710,981.327820,0.386771,-2.670290,-18.672180,0.957517
1.5,200,20,0.1,148,1.894729,219.740303,970.306267,0.394729,19.740303,-29.693733,0.985016
1.5,200,20,0.1,149,1.675373,188.912532,1007.922539,0.175373,-11.087468,7.922539,0.976868
1.5,200,20,0.1,150,1.421336,195.264134,1000.897822,-0.078664,-4.735866,0.897822,0.991003
1.5,200,20,0.1,151,2.215502,258.369358,942.101149,0.715502,58.369358,-57.898851,0.963067
1.5,200,20,0.1,152,1.140409,198.415557,1006.250817,-0.359591,-1.584443,6.250817,0.985598
1.5,200,20,0.1,153,1.977339,203.104777,996.627634,0.477339,3.104777,-3.372366,0.968438
1.5,200,20,0.1,154,1.760790,259.481030,985.538753,0.260790,59.481030,-14.461247,0.986608
1.5,200,20,0.1,155,1.521596,203.370691,983.713864,0.021596,3.370691,-16.286136,0.980280
1.5,200,20,0.1,156,1.975217,235.787215,968.137461,0.475217,35.787215,-31.862539,0.963490
1.5,200,20,0.1,157,1.589264,241.794697,995.022035,0.089264,41.794697,-4.977965,0.969882
1.5,200,20,0.1,158,2.212557,189.843737,991.698462,0.712557,-10.156263,-8.301538,0.982391
1.5,200,20,0.1,159,2.707582,250.341705,937.916335,1.207582,50.341705,-62.083665,0.981598
1.5,200,20,0.1,160,1.687592,235.522989,980.075643,0.187592,35.522989,-19.924357,0.917901
1.5,200,20,0.1,161,1.993318,210.391912,1013.916493,0.493318,10.391912,13.916493,0.970492
1.5,200,20,0.1,162,1.109409,161.837471,1012.010771,-0.390591,-38.162529,12.010771,0.987081
1.5,200,20,0.1,163,1.208210,169.636223,1059.763784,-0.291790,-30.363777,59.763784,0.972203
1.5,200,20,0.1,164,1.170488,132.688733,1022.698729,-0.329512,-67.311267,22.698729,0.990271
1.5,200,20,0.1,165,1.247321,130.728050,1021.130737,-0.252679,-69.271950,21.130737,0.966581
1.5,200,20,0.1,166,1.975361,300.422596,956.414107,0.475361,100.422596,-43.585893,0.978768
1.5,200,20,0.1,167,1.040381,182.223264,1020.763006,-0.459619,-17.776736,20.763006,0.972336
1.5,200,20,0.1,168,1.730279,224.566290,979.033940,0.230279,24.566290,-20.966060,0.991193
1.5,200,20,0.1,169,1.997275,218.832274,961.868017,0.497275,18.832274,-38.131983,0.934202
1.5,200,20,0.1,170,1.775513,214.521601,975.225336,0.275513,14.521601,-24.774664,0.978976
1.5,200,20,0.1,171,1.296185,216.587578,1051.343095,-0.203815,16.587578,51.343095,0.971045
1.5,200,20,0.1,172,1.190710,197.784574,997.321784,-0.309290,-2.215426,-2.678216,0.973398
1.5,200,20,0.1,173,1.378648,177.871772,1007.915745,-0.121352,-22.128228,7.915745,0.951222
1.5,200,20,0.1,174,1.108560,197.926916,1015.277864,-0.391440,-2.073084,15.277864,0.958450
1.5,200,20,0.1,175,2.024858,277.862870,951.826373,0.524858,77.862870,-48.173627,0.954721
1.5,200,20,0.1,176,2.024766,216.338473,1090.630616,0.524766,16.338473,90.630616,0.977985
1.5,200,20,0.1,177,1.296864,164.728663,992.018328,-0.203136,-35.271337,-7.981672,0.962350
1.5,200,20,0.1,178,1.324392,161.328110,1001.887269,-0.175608,-38.671890,1.887269,0.951023
1.5,200,20,0.1,179,1.736292,257.432576,981.106274,0.236292,57.432576,-18.893726,0.935234
1.5,200,20,0.1,180,1.861461,255.839355,959.524587,0.361461,55.839355,-40.475413,0.942627
1.5,200,20,0.1,181,1.214346,127.978925,1043.946756,-0.285654,-72.021075,43.946756,0.968925
1.5,200,20,0.1,182,1.354117,159.495126,996.641258,-0.145883,-40.504874,-3.358742,0.966425
1.5,200,20,0.1,183,1.366546,164.272480,1034.971286,-0.133454,-35.727520,34.971286,0.969610
1.5,200,20,0.1,184,1.009098,115.033518,1055.396210,-0.490902,-84.966482,55.396210,0.951446
1.5,200,20,0.1,185,1.707063,199.603395,974.111679,0.207063,-0.396605,-25.888321,0.960204
1.5,200,20,0.1,186,1.201906,175.096309,1038.051465,-0.298094,-24.903691,38.051465,0.960665
1.5,200,20,0.1,187,1.057693,183.544193,1004.634182,-0.442307,-16.455807,4.634182,0.936728
1.5,200,20,0.1,188,1.475860,231.667642,1028.687365,-0.024140,31.667642,28.687365,0.970263
1.5,200,20,0.1,189,1.962031,213.594251,982.789860,0.462031,13.594251,-17.210140,0.971887
1.5,200,20,0.1,190,1.577568,197.032218,1000.315863,0.077568,-2.967782,0.315863,0.966109
1.5,200,20,0.1,191,1.456912,166.669965,1012.101610,-0.043088,-33.330035,12.101610,0.924560
1.5,200,20,0.1,192,1.333274,118.734786,1006.052368,-0.166726,-81.265214,6.052368,0.907895
1.5,200,20,0.1,193,1.325997,111.915612,1049.715197,-0.174003,-88.084388,49.715197,0.992921
1.5,200,20,0.1,194,1.282029,123.973144,1017.317882,-0.217971,-76.026856,17.317882,0.963405
1.5,200,20,0.1,195,1.565972,220.771936,976.414647,0.065972,20.771936,-23.585353,0.980587
1.5,200,20,0.1,196,2.543773,266.983220,949.549118,1.043773,66.983220,-50.450882,0.989835
1.5,200,20,0.1,197,2.651526,221.373337,954.873018,1.151526,21.373337,-45.126982,0.937090
1.5,200,20,0.1,198,1.496702,288.097141,978.481585,-0.003298,88.097141,-21.518415,0.972048
1.5,200,20,0.1,199,1.081396,190.900109,998.481195,-0.418604,-9.099891,-1.518805,0.983675
1.5,200,20,0.1,200,2.700710,287.910673,928.611120,1.200710,87.910673,-71.388880,0.985422
1.5,200,20,0.1,201,1.360196,122.540318,1019.892073,-0.139804,-77.459682,19.892073,0.979498
1.5,200,20,0.1,202,1.980364,248.487844,973.694895,0.480364,48.487844,-26.305105,0.974248
1.5,200,20,0.1,203,1.430560,114.708517,1025.399754,-0.069440,-85.291483,25.399754,0.979949
1.5,200,20,0.1,204,1.053867,166.601755,1027.289437,-0.446133,-33.398245,27.289437,0.912439
1.5,200,20,0.1,205,1.659330,220.820619,1019.890719,0.159330,20.820619,19.890719,0.972960
1.5,200,20,0.1,206,1.406679,199.383959,987.803182,-0.093321,-0.616041,-12.196818,0.984769
1.5,200,20,0.1,207,2.012404,209.093767,988.447449,0.512404,9.093767,-11.552551,0.938097
1.5,200,20,0.1,208,1.958612,216.124851,964.239772,0.458612,16.124851,-35.760228,0.969485
1.5,200,20,0.1,209,1.209724,158.858003,1053.042756,-0.290276,-41.141997,53.042756,0.966490
1.5,200,20,0.1,210,1.194169,171.041574,1048.535487,-0.305831,-28.958426,48.535487,0.982173
1.5,200,20,0.1,211,1.004808,96.370495,1086.796049,-0.495192,-103.629505,86.796049,0.960349
1.5,200,20,0.1,212,1.569263,236.676203,977.111137,0.069263,36.676203,-22.888863,0.900944
1.5,200,20,0.1,213,2.003264,284.667189,957.918948,0.503264,84.667189,-42.081052,0.973641
1.5,200,20,0.1,214,1.073946,210.259817,997.514131,-0.426054,10.259817,-2.485869,0.962565
1.5,200,20,0.1,215,1.677465,228.361202,997.995562,0.177465,28.361202,-2.004438,0.981165
1.5,200,20,0.1,216,2.444676,164.520749,988.538021,0.944676,-35.479251,-11.461979,0.966271
1.5,200,20,0.1,217,1.416663,138.275260,1002.789728,-0.083337,-61.724740,2.789728,0.915419
1.5,200,20,0.1,218,1.472983,149.707916,993.816084,-0.027017,-50.292084,-6.183916,0.958654
1.5,200,20,0.1,219,1.428978,166.888566,1016.642965,-0.071022,-33.111434,16.642965,0.925160
1.5,200,20,0.1,220,1.220207,108.039344,1055.012029,-0.279793,-91.960656,55.012029,0.977177
1.5,200,20,0.1,221,2.119590,261.290245,973.929510,0.619590,61.290245,-26.070490,0.983716
1.5,200,20,0.1,222,1.320404,142.908929,995.853828,-0.179596,-57.091071,-4.146172,0.981584
1.5,200,20,0.1,223,1.144571,154.959423,1028.035773,-0.355429,-45.040577,28.035773,0.981393
1.5,200,20,0.1,224,2.856187,293.465369,936.408344,1.356187,93.465369,-63.591656,0.937389
1.5,200,20,0.1,225,1.653362,253.085113,990.455504,0.153362,53.085113,-9.544496,0.959599
1.5,200,20,0.1,226,1.336556,165.762507,1031.071157,-0.163444,-34.237493,31.071157,0.956848
1.5,200,20,0.1,227,0.891559,100.123073,1055.213594,-0.608441,-99.876927,55.213594,0.985429
1.5,200,20,0.1,228,1.616620,201.794688,974.144202,0.116620,1.794688,-25.855798,0.932929
1.5,200,20,0.1,229,1.052528,138.488531,1012.719195,-0.447472,-61.511469,12.719195,0.930920
1.5,200,20,0.1,230,1.954798,243.636107,959.206806,0.454798,43.636107,-40.793194,0.960044
1.5,200,20,0.1,231,1.169011,193.645019,1006.718212,-0.330989,-6.354981,6.718212,0.983502
1.5,200,20,0.1,232,1.150756,248.771879,1014.204896,-0.349244,48.771879,14.204896,0.979009
1.5,200,20,0.1,233,0.909779,132.298540,1012.399629,-0.590221,-67.701460,12.399629,0.985290
1.5,200,20,0.1,234,2.770916,294.251250,972.252047,1.270916,94.251250,-27.747953,0.875755
1.5,200,20,0.1,235,1.156639,169.655644,1027.711756,-0.343361,-30.344356,27.711756,0.980651
1.5,200,20,0.1,236,1.276682,137.214702,1031.982781,-0.223318,-62.785298,31.982781,0.972033
1.5,200,20,0.1,237,2.232070,260.585330,944.471399,0.732070,60.585330,-55.528601,0.946527
1.5,200,20,0.1,238,1.388547,141.467548,1030.155746,-0.111453,-58.532452,30.155746,0.976674
1.5,200,20,0.1,239,1.103004,192.898605,992.823584,-0.396996,-7.101395,-7.176416,0.983723
1.5,200,20,0.1,240,1.168303,160.336934,1023.016409,-0.331697,-39.663066,23.016409,0.987538
1.5,200,20,0.1,241,1.151779,197.514280,991.629190,-0.348221,-2.485720,-8.370810,0.985401
1.5,200,20,0.1,242,1.259910,195.931731,993.212077,-0.240090,-4.068269,-6.787923,0.983628
1.5,200,20,0.1,243,0.964397,205.381017,1031.295446,-0.535603,5.381017,31.295446,0.956651
1.5,200,20,0.1,244,1.980777,262.792455,973.480209,0.480777,62.792455,-26.519791,0.978687
1.5,200,20,0.1,245,1.744099,193.630274,997.340908,0.244099,-6.369726,-2.659092,0.972436
1.5,200,20,0.1,246,1.990452,283.110687,957.139082,0.490452,83.110687,-42.860918,0.955711
1.5,200,20,0.1,247,1.208347,170.076275,1005.846836,-0.291653,-29.923725,5.846836,0.972797
1.5,200,20,0.1,248,1.314774,153.365688,991.289783,-0.185226,-46.634312,-8.710217,0.974171
1.5,200,20,0.1,249,1.805200,268.598908,978.637942,0.305200,68.598908,-21.362058,0.943214
1.5,200,20,0.1,250,0.908139,148.627173,1018.777226,-0.591861,-51.372827,18.777226,0.981708
1.5,200,20,0.1,251,2.315938,279.159927,996.233800,0.815938,79.159927,-3.766200,0.977489
1.5,200,20,0.1,252,1.649646,199.334787,980.343596,0.149646,-0.665213,-19.656404,0.981728
1.5,200,20,0.1,253,1.577009,262.976470,972.617059,0.077009,62.976470,-27.382941,0.964704
1.5,200,20,0.1,254,1.749379,195.513218,973.388576,0.249379,-4.486782,-26.611424,0.932157
1.5,200,20,0.1,255,1.831121,188.169060,989.259923,0.331121,-11.830940,-10.740077,0.958662
1.5,200,20,0.1,256,2.534922,269.883563,946.119693,1.034922,69.883563,-53.880307,0.964447
1.5,200,20,0.1,257,1.632081,263.289449,976.631050,0.132081,63.289449,-23.368950,0.972736
1.5,200,20,0.1,258,1.633217,204.961416,985.288118,0.133217,4.961416,-14.711882,0.957907
1.5,200,20,0.1,259,0.969864,96.198618,1014.078283,-0.530136,-103.801382,14.078283,0.983520
1.5,200,20,0.1,260,1.743296,218.362527,987.063124,0.243296,18.362527,-12.936876,0.982776
1.5,200,20,0.1,261,1.272759,141.672836,1044.365185,-0.227241,-58.327164,44.365185,0.993959
1.5,200,20,0.1,262,1.763900,262.292283,966.075232,0.263900,62.292283,-33.924768,0.981893
1.5,200,20,0.1,263,2.412308,304.414448,941.109752,0.912308,104.414448,-58.890248,0.976200
1.5,200,20,0.1,264,2.071539,209.311227,973.437480,0.571539,9.311227,-26.562520,0.984573
1.5,200,20,0.1,265,1.113079,155.315339,1019.666761,-0.386921,-44.684661,19.666761,0.964438
1.5,200,20,0.1,266,1.732323,250.412554,989.461460,0.232323,50.412554,-10.538540,0.963993
1.5,200,20,0.1,267,1.605583,207.990419,988.894166,0.105583,7.990419,-11.105834,0.968468
1.5,200,20,0.1,268,2.471309,257.253765,968.338720,0.971309,57.253765,-31.661280,0.972271
1.5,200,20,0.1,269,1.252273,136.453561,1001.176472,-0.247727,-63.546439,1.176472,0.983144
1.5,200,20,0.1,270,1.444941,159.848802,1017.579540,-0.055059,-40.151198,17.579540,0.964173
1.5,200,20,0.1,271,1.640111,172.287284,998.043261,0.140111,-27.712716,-1.956739,0.929405
1.5,200,20,0.1,272,1.212973,135.751870,1023.457558,-0.287027,-64.248130,23.457558,0.992784
1.5,200,20,0.1,273,0.751046,142.370857,1020.318567,-0.748954,-57.629143,20.318567,0.986520
1.5,200,20,0.1,274,1.156917,99.025674,1007.442089,-0.343083,-100.974326,7.442089,0.983205
1.5,200,20,0.1,275,3.076772,231.477535,942.704807,1.576772,31.477535,-57.295193,0.971268
1.5,200,20,0.1,276,1.530049,208.068942,995.367283,0.030049,8.068942,-4.632717,0.953275
1.5,200,20,0.1,277,1.686143,226.095703,976.152437,0.186143,26.095703,-23.847563,0.968877
1.5,200,20,0.1,278,0.976614,87.759916,1042.259002,-0.523386,-112.240084,42.259002,0.992699
1.5,200,20,0.1,279,1.238566,167.313461,1014.189598,-0.261434,-32.686539,14.189598,0.984157
1.5,200,20,0.1,280,1.724513,203.260503,1008.662502,0.224513,3.260503,8.662502,0.956989
1.5,200,20,0.1,281,1.180750,171.853309,993.275930,-0.319250,-28.146691,-6.724070,0.992215
1.5,200,20,0.1,282,1.217942,165.893703,1042.205210,-0.282058,-34.106297,42.205210,0.974161
1.5,200,20,0.1,283,2.180418,191.638662,994.571863,0.680418,-8.361338,-5.428137,0.964897
1.5,200,20,0.1,284,1.176444,190.345109,999.859600,-0.323556,-9.654891,-0.140400,0.980868
1.5,200,20,0.1,285,2.054355,259.156339,967.665984,0.554355,59.156339,-32.334016,0.963736
1.5,200,20,0.1,286,2.367196,269.608893,974.212300,0.867196,69.608893,-25.787700,0.984516
1.5,200,20,0.1,287,1.721209,152.843458,1001.597486,0.221209,-47.156542,1.597486,0.972489
1.5,200,20,0.1,288,1.145066,156.577246,1040.843522,-0.354934,-43.422754,40.843522,0.964305
1.5,200,20,0.1,289,1.601828,182.063937,998.510447,0.101828,-17.936063,-1.489553,0.981480
1.5,200,20,0.1,290,1.255018,113.662670,1075.437946,-0.244982,-86.337330,75.437946,0.940360
1.5,200,20,0.1,291,1.156298,174.658975,1019.389978,-0.343702,-25.341025,19.389978,0.978716
1.5,200,20,0.1,292,2.110075,179.219210,1021.854667,0.610075,-20.780790,21.854667,0.949316
1.5,200,20,0.1,293,1.191188,166.037509,1012.825508,-0.308812,-33.962491,12.825508,0.986534
1.5,200,20,0.1,294,2.404151,310.652344,953.354813,0.904151,110.652344,-46.645187,0.981574
1.5,200,20,0.1,295,2.336673,200.121597,1003.163572,0.836673,0.121597,3.163572,0.958627
1.5,200,20,0.1,296,1.107857,216.640733,997.964337,-0.392143,16.640733,-2.035663,0.990136
1.5,200,20,0.1,297,1.003178,166.333000,1016.906866,-0.496822,-33.667000,16.906866,0.962241
1.5,200,20,0.1,298,0.934839,123.748946,1041.668670,-0.565161,-76.251054,41.668670,0.980024
1.5,200,20,0.1,299,1.740466,231.841768,963.489152,0.240466,31.841768,-36.510848,0.949585
1.5,200,20,0.1,300,2.647898,246.721279,960.457431,1.147898,46.721279,-39.542569,0.951372
1.5,200,20,0.1,301,1.259619,165.991001,1016.495104,-0.240381,-34.008999,16.495104,0.942443
1.5,200,20,0.1,302,1.008493,214.297650,1015.954795,-0.491507,14.297650,15.954795,0.981170
1.5,200,20,0.1,303,1.124533,227.555060,1019.458314,-0.375467,27.555060,19.458314,0.972833
1.5,200,20,0.1,304,1.472557,170.661444,1022.927985,-0.027443,-29.338556,22.927985,0.914121
1.5,200,20,0.1,305,1.329348,212.444100,989.612383,-0.170652,12.444100,-10.387617,0.960550
1.5,200,20,0.1,306,1.096138,200.413178,1021.379968,-0.403862,0.413178,21.379968,0.992043
1.5,200,20,0.1,307,1.370125,114.155885,1015.647554,-0.129875,-85.844115,15.647554,0.932626
1.5,200,20,0.1,308,2.257766,254.822626,949.208728,0.757766,54.822626,-50.791272,0.975311
1.5,200,20,0.1,309,2.315269,222.662865,982.386161,0.815269,22.662865,-17.613839,0.901901
1.5,200,20,0.1,310,1.056654,113.186764,1045.816815,-0.443346,-86.813236,45.816815,0.950377
1.5,200,20,0.1,311,1.792675,226.650059,972.745493,0.292675,26.650059,-27.254507,0.970059
1.5,200,20,0.1,312,1.701706,184.016778,1037.917736,0.201706,-15.983222,37.917736,0.943526
1.5,200,20,0.1,313,1.438656,190.515731,995.280093,-0.061344,-9.484269,-4.719907,0.974317
1.5,200,20,0.1,314,1.741985,297.185749,967.971393,0.241985,97.185749,-32.028607,0.971546
1.5,200,20,0.1,315,1.597872,247.173364,1007.388443,0.097872,47.173364,7.388443,0.984904
1.5,200,20,0.1,316,1.254055,166.089125,1029.663950,-0.245945,-33.910875,29.663950,0.991329
1.5,200,20,0.1,317,1.401069,161.342575,1010.951605,-0.098931,-38.657425,10.951605,0.942935
1.5,200,20,0.1,318,1.315467,140.778593,1004.157817,-0.184533,-59.221407,4.157817,0.953622
1.5,200,20,0.1,319,1.978332,224.710806,984.137307,0.478332,24.710806,-15.862693,0.959908
1.5,200,20,0.1,320,1.963169,222.356271,986.599927,0.463169,22.356271,-13.400073,0.921760
1.5,200,20,0.1,321,1.371465,142.352291,1009.025184,-0.128535,-57.647709,9.025184,0.977328
1.5,200,20,0.1,322,1.573438,173.139562,1010.666761,0.073438,-26.860438,10.666761,0.971655
1.5,200,20,0.1,323,1.130821,169.685585,1007.068601,-0.369179,-30.314415,7.068601,0.956353
1.5,200,20,0.1,324,1.690917,207.317227,970.657687,0.190917,7.317227,-29.342313,0.973400
1.5,200,20,0.1,325,1.132394,195.000581,1038.108367,-0.367606,-4.999419,38.108367,0.978022
1.5,200,20,0.1,326,1.261898,165.958166,1020.475890,-0.238102,-34.041834,20.475890,0.986138
1.5,200,20,0.1,327,1.128820,123.390921,1030.123318,-0.371180,-76.609079,30.123318,0.986596
1.5,200,20,0.1,328,1.669928,225.137172,990.678003,0.169928,25.137172,-9.321997,0.970489
1.5,200,20,0.1,329,1.814666,215.696787,1025.355644,0.314666,15.696787,25.355644,0.956045
1.5,200,20,0.1,330,1.844503,188.173625,981.916753,0.344503,-11.826375,-18.083247,0.959442
1.5,200,20,0.1,331,1.992841,250.836864,961.754775,0.492841,50.836864,-38.245225,0.949133
1.5,200,20,0.1,332,1.864662,254.535972,976.135337,0.364662,54.535972,-23.864663,0.967624
1.5,200,20,0.1,333,1.364248,132.477959,1016.471095,-0.135752,-67.522041,16.471095,0.947287
1.5,200,20,0.1,334,2.123509,241.889685,967.707652,0.623509,41.889685,-32.292348,0.977430
1.5,200,20,0.1,335,1.291108,206.467963,1056.227017,-0.208892,6.467963,56.227017,0.985836
1.5,200,20,0.1,336,0.941358,134.788580,1008.540037,-0.558642,-65.211420,8.540037,0.970721
1.5,200,20,0.1,337,1.608456,186.030946,1021.092936,0.108456,-13.969054,21.092936,0.949580
1.5,200,20,0.1,338,0.992339,113.885289,1025.566359,-0.507661,-86.114711,25.566359,0.994114
1.5,200,20,0.1,339,2.884533,238.173586,959.864091,1.384533,38.173586,-40.135909,0.951969
1.5,200,20,0.1,340,0.946321,136.763086,999.648789,-0.553679,-63.236914,-0.351211,0.967709
1.5,200,20,0.1,341,2.085276,275.752289,943.435215,0.585276,75.752289,-56.564785,0.952418
1.5,200,20,0.1,342,1.928897,219.147344,1020.202116,0.428897,19.147344,20.202116,0.968356
1.5,200,20,0.1,343,1.305131,167.874345,1027.615974,-0.194869,-32.125655,27.615974,0.968853
1.5,200,20,0.1,344,1.413953,140.352494,1024.758413,-0.086047,-59.647506,24.758413,0.954958
1.5,200,20,0.1,345,1.087514,135.790664,1023.542746,-0.412486,-64.209336,23.542746,0.973988
1.5,200,20,0.1,346,2.015304,305.438976,978.348276,0.515304,105.438976,-21.651724,0.975709
1.5,200,20,0.1,347,1.708706,203.263614,980.939481,0.208706,3.263614,-19.060519,0.940653
1.5,200,20,0.1,348,1.174307,149.506363,1012.314792,-0.325693,-50.493637,12.314792,0.987064
1.5,200,20,0.1,349,1.109729,158.674639,1024.797483,-0.390271,-41.325361,24.797483,0.962452
1.5,200,20,0.1,350,1.687214,223.381255,982.909290,0.187214,23.381255,-17.090710,0.981440
1.5,200,20,0.1,351,1.826752,295.929114,981.484421,0.326752,95.929114,-18.515579,0.973350
1.5,200,20,0.1,352,1.870384,265.537724,973.470494,0.370384,65.537724,-26.529506,0.962877
1.5,200,20,0.1,353,1.564014,227.456685,991.000762,0.064014,27.456685,-8.999238,0.969662
1.5,200,20,0.1,354,1.828675,231.215713,991.520671,0.328675,31.215713,-8.479329,0.925627
1.5,200,20,0.1,355,2.228169,194.920558,975.357450,0.728169,-5.079442,-24.642550,0.961479
1.5,200,20,0.1,356,2.304465,228.243656,969.368558,0.804465,28.243656,-30.631442,0.944758
1.5,200,20,0.1,357,3.295234,317.997378,916.794178,1.795234,117.997378,-83.205822,0.928821
1.5,200,20,0.1,358,0.932708,117.349336,1042.069083,-0.567292,-82.650664,42.069083,0.939540
1.5,200,20,0.1,359,1.764198,237.388410,997.198441,0.264198,37.388410,-2.801559,0.979647
1.5,200,20,0.1,360,1.333213,224.818301,1038.358496,-0.166787,24.818301,38.358496,0.978769
1.5,200,20,0.1,361,1.861991,238.629696,963.020309,0.361991,38.629696,-36.979691,0.983222
1.5,200,20,0.1,362,1.797675,232.038162,982.571711,0.297675,32.038162,-17.428289,0.990724
1.5,200,20,0.1,363,1.717752,255.834785,970.694665,0.217752,55.834785,-29.305335,0.974901
1.5,200,20,0.1,364,1.027604,193.488955,1011.202736,-0.472396,-6.511045,11.202736,0.970254
1.5,200,20,0.1,365,1.917040,240.579095,980.550738,0.417040,40.579095,-19.449262,0.962687
1.5,200,20,0.1,366,2.231033,224.192252,998.430592,0.731033,24.192252,-1.569408,0.982320
1.5,200,20,0.1,367,2.229632,244.006530,972.248411,0.729632,44.006530,-27.751589,0.966848
1.5,200,20,0.1,368,1.116337,183.983067,1010.769412,-0.383663,-16.016933,10.769412,0.983302
1.5,200,20,0.1,369,1.914799,233.611785,970.281925,0.414799,33.611785,-29.718075,0.937449
1.5,200,20,0.1,370,2.311001,243.744096,957.851431,0.811001,43.744096,-42.148569,0.978707
1.5,200,20,0.1,371,1.149975,145.320391,1041.909976,-0.350025,-54.679609,41.909976,0.973123
1.5,200,20,0.1,372,1.125728,216.587928,998.944569,-0.374272,16.587928,-1.055431,0.970359
1.5,200,20,0.1,373,1.989825,218.781586,975.835804,0.489825,18.781586,-24.164196,0.969264
1.5,200,20,0.1,374,2.153837,207.487094,974.775173,0.653837,7.487094,-25.224827,0.985726
1.5,200,20,0.1,375,1.214200,170.167784,1013.106630,-0.285800,-29.832216,13.106630,0.987298
1.5,200,20,0.1,376,1.612889,166.862338,1004.664422,0.112889,-33.137662,4.664422,0.984922
1.5,200,20,0.1,377,1.383553,192.789911,997.346169,-0.116447,-7.210089,-2.653831,0.962586
1.5,200,20,0.1,378,1.619590,209.381436,990.000980,0.119590,9.381436,-9.999020,0.977850
1.5,200,20,0.1,379,1.280911,181.837028,1008.692575,-0.219089,-18.162972,8.692575,0.975157
1.5,200,20,0.1,380,2.812623,278.341284,939.349281,1.312623,78.341284,-60.650719,0.968249
1.5,200,20,0.1,381,1.575013,187.077712,1018.960231,0.075013,-12.922288,18.960231,0.937269
1.5,200,20,0.1,382,1.806998,211.011823,1020.090917,0.306998,11.011823,20.090917,0.967980
1.5,200,20,0.1,383,1.097580,226.077573,1003.660929,-0.402420,26.077573,3.660929,0.986714
1.5,200,20,0.1,384,1.198653,198.160184,1012.022536,-0.301347,-1.839816,12.022536,0.968388
1.5,200,20,0.1,385,1.256099,193.128840,1027.991455,-0.243901,-6.871160,27.991455,0.979408
1.5,200,20,0.1,386,1.946801,300.732344,957.404257,0.446801,100.732344,-42.595743,0.972853
1.5,200,20,0.1,387,1.718543,140.267379,1040.263103,0.218543,-59.732621,40.263103,0.992461
1.5,200,20,0.1,388,0.958817,178.603947,1030.657859,-0.541183,-21.396053,30.657859,0.966672
1.5,200,20,0.1,389,1.268049,166.576573,1018.938498,-0.231951,-33.423427,18.938498,0.981059
1.5,200,20,0.1,390,1.158866,186.689006,1007.258464,-0.341134,-13.310994,7.258464,0.976682
1.5,200,20,0.1,391,1.332378,159.710193,1006.887665,-0.167622,-40.289807,6.887665,0.928962
1.5,200,20,0.1,392,2.107007,233.153351,981.511106,0.607007,33.153351,-18.488894,0.974626
1.5,200,20,0.1,393,2.436928,337.618156,955.605605,0.936928,137.618156,-44.394395,0.962775
1.5,200,20,0.1,394,1.401642,108.204436,1009.838374,-0.098358,-91.795564,9.838374,0.983229
1.5,200,20,0.1,395,2.363185,242.387673,956.876039,0.863185,42.387673,-43.123961,0.967063
1.5,200,20,0.1,396,1.122991,213.004087,1015.816509,-0.377009,13.004087,15.816509,0.982591
1.5,200,20,0.1,397,1.070452,135.417677,1013.598664,-0.429548,-64.582323,13.598664,0.973864
1.5,200,20,0.1,398,1.895796,246.012039,994.838805,0.395796,46.012039,-5.161195,0.981370
1.5,200,20,0.1,399,1.140560,152.873573,1029.117747,-0.359440,-47.126427,29.117747,0.940377
1.5,200,20,0.1,400,0.887235,166.158776,1017.950924,-0.612765,-33.841224,17.950924,0.935939
1.5,200,20,0.1,401,2.670910,295.065103,926.847780,1.170910,95.065103,-73.152220,0.938609
1.5,200,20,0.1,402,1.899524,244.201130,993.461980,0.399524,44.201130,-6.538020,0.985686
1.5,200,20,0.1,403,2.147397,182.856008,986.913292,0.647397,-17.143992,-13.086708,0.987234
1.5,200,20,0.1,404,1.184207,211.682896,1039.636873,-0.315793,11.682896,39.636873,0.983857
1.5,200,20,0.1,405,1.497348,235.894465,986.141520,-0.002652,35.894465,-13.858480,0.975414
1.5,200,20,0.1,406,1.756753,256.834474,973.783654,0.256753,56.834474,-26.216346,0.969777
1.5,200,20,0.1,407,0.761169,124.813995,1004.322626,-0.738831,-75.186005,4.322626,0.967554
1.5,200,20,0.1,408,1.040540,220.508479,1004.909961,-0.459460,20.508479,4.909961,0.987702
1.5,200,20,0.1,409,2.497395,170.154404,968.890486,0.997395,-29.845596,-31.109514,0.979597
1.5,200,20,0.1,410,2.249634,242.729944,976.924699,0.749634,42.729944,-23.075301,0.956416
1.5,200,20,0.1,411,1.769525,213.341591,989.490737,0.269525,13.341591,-10.509263,0.988174
1.5,200,20,0.1,412,1.931927,209.467208,989.733062,0.431927,9.467208,-10.266938,0.937423
1.5,200,20,0.1,413,2.221397,205.184469,962.988791,0.721397,5.184469,-37.011209,0.962667
1.5,200,20,0.1,414,1.113750,200.046922,1007.097751,-0.386250,0.046922,7.097751,0.968645
1.5,200,20,0.1,415,1.147361,167.261021,1024.657587,-0.352639,-32.738979,24.657587,0.962289
1.5,200,20,0.1,416,1.625603,237.313140,984.781776,0.125603,37.313140,-15.218224,0.964397
1.5,200,20,0.1,417,1.490573,165.936507,989.523101,-0.009427,-34.063493,-10.476899,0.973319
1.5,200,20,0.1,418,1.744567,234.333552,971.605374,0.244567,34.333552,-28.394626,0.957555
1.5,200,20,0.1,419,1.345699,239.912427,979.219084,-0.154301,39.912427,-20.780916,0.922810
1.5,200,20,0.1,420,0.905649,168.228067,1048.721892,-0.594351,-31.771933,48.721892,0.980938
1.5,200,20,0.1,421,1.779991,233.877809,973.221100,0.279991,33.877809,-26.778900,0.980311
1.5,200,20,0.1,422,2.061974,261.145445,964.701659,0.561974,61.145445,-35.298341,0.969328
1.5,200,20,0.1,423,1.631749,244.950404,976.849964,0.131749,44.950404,-23.150036,0.958268
1.5,200,20,0.1,424,2.234433,188.923016,977.531453,0.734433,-11.076984,-22.468547,0.915151
1.5,200,20,0.1,425,2.063072,287.656511,954.979590,0.563072,87.656511,-45.020410,0.992601
1.5,200,20,0.1,426,1.154589,150.094361,1036.621851,-0.345411,-49.905639,36.621851,0.980544
1.5,200,20,0.1,427,2.161711,318.004784,946.447766,0.661711,118.004784,-53.552234,0.981019
1.5,200,20,0.1,428,1.857486,281.437561,964.456234,0.357486,81.437561,-35.543766,0.965289
1.5,200,20,0.1,429,1.488760,135.367621,1023.775740,-0.011240,-64.632379,23.775740,0.948575
1.5,200,20,0.1,430,1.708993,258.773164,966.504696,0.208993,58.773164,-33.495304,0.986259
1.5,200,20,0.1,431,1.088294,195.123258,1006.511875,-0.411706,-4.876742,6.511875,0.987467
1.5,200,20,0.1,432,2.173476,199.399429,965.063881,0.673476,-0.600571,-34.936119,0.963933
1.5,200,20,0.1,433,1.206413,179.933230,1003.613420,-0.293587,-20.066770,3.613420,0.980916
1.5,200,20,0.1,434,1.510242,151.187570,1004.727375,0.010242,-48.812430,4.727375,0.931262
1.5,200,20,0.1,435,2.292891,210.751158,973.329247,0.792891,10.751158,-26.670753,0.944152
1.5,200,20,0.1,436,1.337818,209.900019,1008.945404,-0.162182,9.900019,8.945404,0.968100
1.5,200,20,0.1,437,0.873442,153.802457,997.660561,-0.626558,-46.197543,-2.339439,0.981596
1.5,200,20,0.1,438,1.832460,221.705782,984.487749,0.332460,21.705782,-15.512251,0.968339
1.5,200,20,0.1,439,1.278352,187.632421,1009.471786,-0.221648,-12.367579,9.471786,0.951704
1.5,200,20,0.1,440,1.648192,206.716687,986.094439,0.148192,6.716687,-13.905561,0.974348
1.5,200,20,0.1,441,2.567713,184.742430,961.031181,1.067713,-15.257570,-38.968819,0.977983
1.5,200,20,0.1,442,1.053633,185.370950,997.580425,-0.446367,-14.629050,-2.419575,0.980814
1.5,200,20,0.1,443,2.393623,153.989340,997.119887,0.893623,-46.010660,-2.880113,0.982413
1.5,200,20,0.1,444,1.213583,153.433790,1024.886053,-0.286417,-46.566210,24.886053,0.978266
1.5,200,20,0.1,445,2.996625,307.662283,914.902592,1.496625,107.662283,-85.097408,0.976675
1.5,200,20,0.1,446,1.204390,202.007280,999.903563,-0.295610,2.007280,-0.096437,0.985853
1.5,200,20,0.1,447,2.501409,284.850849,961.184415,1.001409,84.850849,-38.815585,0.949687
1.5,200,20,0.1,448,1.910874,250.940293,970.452845,0.410874,50.940293,-29.547155,0.977317
1.5,200,20,0.1,449,1.620515,200.252538,991.421060,0.120515,0.252538,-8.578940,0.978234
1.5,200,20,0.1,450,1.191495,200.028996,1028.464467,-0.308505,0.028996,28.464467,0.982013
1.5,200,20,0.1,451,1.389722,148.372132,1026.299508,-0.110278,-51.627868,26.299508,0.955302
1.5,200,20,0.1,452,2.107079,241.392523,1003.772999,0.607079,41.392523,3.772999,0.976025
1.5,200,20,0.1,453,2.019193,208.678624,977.428010,0.519193,8.678624,-22.571990,0.964003
1.5,200,20,0.1,454,1.114744,138.993683,1026.429314,-0.385256,-61.006317,26.429314,0.993861
1.5,200,20,0.1,455,1.660940,235.251477,986.568958,0.160940,35.251477,-13.431042,0.968997
1.5,200,20,0.1,456,1.345141,259.770299,999.993844,-0.154859,59.770299,-0.006156,0.979989
1.5,200,20,0.1,457,1.719970,301.365351,983.863971,0.219970,101.365351,-16.136029,0.977417
1.5,200,20,0.1,458,1.849357,223.163063,972.997681,0.349357,23.163063,-27.002319,0.979027
1.5,200,20,0.1,459,1.180439,175.821314,996.250577,-0.319561,-24.178686,-3.749423,0.992614
1.5,200,20,0.1,460,2.180419,227.852132,972.372045,0.680419,27.852132,-27.627955,0.939537
1.5,200,20,0.1,461,2.947534,357.849921,894.363456,1.447534,157.849921,-105.636544,0.984629
1.5,200,20,0.1,462,1.157972,144.900210,1007.814511,-0.342028,-55.099790,7.814511,0.977240
1.5,200,20,0.1,463,1.088617,180.905004,1036.012310,-0.411383,-19.094996,36.012310,0.979806
1.5,200,20,0.1,464,1.966226,256.517029,977.922560,0.466226,56.517029,-22.077440,0.970159
1.5,200,20,0.1,465,1.090423,136.388169,1007.229238,-0.409577,-63.611831,7.229238,0.974965
1.5,200,20,0.1,466,1.447941,188.708597,989.825492,-0.052059,-11.291403,-10.174508,0.987173
1.5,200,20,0.1,467,1.253626,153.134427,1005.549366,-0.246374,-46.865573,5.549366,0.976861
1.5,200,20,0.1,468,1.392114,223.310102,992.908177,-0.107886,23.310102,-7.091823,0.972392
1.5,200,20,0.1,469,1.039581,163.175659,1029.579589,-0.460419,-36.824341,29.579589,0.982363
1.5,200,20,0.1,470,1.569559,230.700620,978.126553,0.069559,30.700620,-21.873447,0.983478
1.5,200,20,0.1,471,1.076082,186.936455,1018.408996,-0.423918,-13.063545,18.408996,0.979605
1.5,200,20,0.1,472,1.653268,221.837930,988.299307,0.153268,21.837930,-11.700693,0.953572
1.5,200,20,0.1,473,1.893840,255.534051,971.103119,0.393840,55.534051,-28.896881,0.963833
1.5,200,20,0.1,474,1.630974,240.414179,985.905345,0.130974,40.414179,-14.094655,0.959261
1.5,200,20,0.1,475,1.966129,231.797000,958.990407,0.466129,31.797000,-41.009593,0.958514
1.5,200,20,0.1,476,1.014322,182.809149,1035.242079,-0.485678,-17.190851,35.242079,0.976941
1.5,200,20,0.1,477,3.053566,275.263766,950.340059,1.553566,75.263766,-49.659941,0.965055
1.5,200,20,0.1,478,1.695687,153.633199,987.484755,0.195687,-46.366801,-12.515245,0.918577
1.5,200,20,0.1,479,1.223354,120.139893,1046.413721,-0.276646,-79.860107,46.413721,0.974768
1.5,200,20,0.1,480,1.645862,161.830835,1027.845402,0.145862,-38.169165,27.845402,0.953471
1.5,200,20,0.1,481,1.405235,133.160429,1030.806757,-0.094765,-66.839571,30.806757,0.986020
1.5,200,20,0.1,482,1.547126,259.785159,969.491184,0.047126,59.785159,-30.508816,0.967722
1.5,200,20,0.1,483,2.196340,241.395954,973.462567,0.696340,41.395954,-26.537433,0.951790
1.5,200,20,0.1,484,1.446927,175.111051,1008.892435,-0.053073,-24.888949,8.892435,0.944557
1.5,200,20,0.1,485,1.649551,195.143440,1014.402870,0.149551,-4.856560,14.402870,0.969689
1.5,200,20,0.1,486,1.825666,259.804060,975.579093,0.325666,59.804060,-24.420907,0.974666
1.5,200,20,0.1,487,1.414610,138.445966,1008.400762,-0.085390,-61.554034,8.400762,0.964168
1.5,200,20,0.1,488,1.147039,157.182357,1021.833487,-0.352961,-42.817643,21.833487,0.988711
1.5,200,20,0.1,489,2.309335,207.810594,962.184202,0.809335,7.810594,-37.815798,0.971944
1.5,200,20,0.1,490,1.868732,168.015932,1050.942340,0.368732,-31.984068,50.942340,0.951502
1.5,200,20,0.1,491,0.834356,109.740720,1005.262632,-0.665644,-90.259280,5.262632,0.989560
1.5,200,20,0.1,492,1.688703,194.142094,975.309201,0.188703,-5.857906,-24.690799,0.951755
1.5,200,20,0.1,493,1.214380,185.528644,1000.634942,-0.285620,-14.471356,0.634942,0.972003
1.5,200,20,0.1,494,2.447088,278.503245,961.745267,0.947088,78.503245,-38.254733,0.887766
1.5,200,20,0.1,495,1.530338,169.924846,1008.734610,0.030338,-30.075154,8.734610,0.986812
1.5,200,20,0.1,496,1.253507,100.943714,1038.598190,-0.246493,-99.056286,38.598190,0.985641
1.5,200,20,0.1,497,1.121327,193.888491,1065.770780,-0.378673,-6.111509,65.770780,0.968579
1.5,200,20,0.1,498,1.890438,234.578601,993.646331,0.390438,34.578601,-6.353669,0.981815
1.5,200,20,0.1,499,1.132156,117.034150,1025.019526,-0.367844,-82.965850,25.019526,0.983798
1.5,200,20,0.1,500,1.723135,168.660051,1002.166701,0.223135,-31.339949,2.166701,0.946882
1.5,200,20,0.1,501,2.051388,237.362490,986.577984,0.551388,37.362490,-13.422016,0.929587
1.5,200,20,0.1,502,1.922323,232.321453,974.512759,0.422323,32.321453,-25.487241,0.942176
1.5,200,20,0.1,503,1.094243,173.502630,1020.347674,-0.405757,-26.497370,20.347674,0.919214
1.5,200,20,0.1,504,1.406374,171.973024,1030.469890,-0.093626,-28.026976,30.469890,0.963781
1.5,200,20,0.1,505,1.247392,190.526469,1003.708698,-0.252608,-9.473531,3.708698,0.977462
1.5,200,20,0.1,506,1.403810,166.759538,993.497818,-0.096190,-33.240462,-6.502182,0.985479
1.5,200,20,0.1,507,1.158097,109.744817,1022.371856,-0.341903,-90.255183,22.371856,0.989641
1.5,200,20,0.1,508,1.430922,123.825275,992.123207,-0.069078,-76.174725,-7.876793,0.972337
1.5,200,20,0.1,509,1.419588,152.421473,1042.137876,-0.080412,-47.578527,42.137876,0.974045
1.5,200,20,0.1,510,2.101999,326.361240,948.697497,0.601999,126.361240,-51.302503,0.981579
1.5,200,20,0.1,511,1.149127,218.987763,1028.828260,-0.350873,18.987763,28.828260,0.980893
1.5,200,20,0.1,512,1.684951,225.058333,971.876312,0.184951,25.058333,-28.123688,0.919205
1.5,200,20,0.1,513,1.172053,171.546652,1031.660996,-0.327947,-28.453348,31.660996,0.977946
1.5,200,20,0.1,514,1.080122,142.987913,1018.118956,-0.419878,-57.012087,18.118956,0.965718
1.5,200,20,0.1,515,2.026427,209.182754,994.071622,0.526427,9.182754,-5.928378,0.970319
1.5,200,20,0.1,516,1.682159,212.694760,992.743057,0.182159,12.694760,-7.256943,0.946457
1.5,200,20,0.1,517,1.983784,262.325965,984.722354,0.483784,62.325965,-15.277646,0.965625
1.5,200,20,0.1,518,1.229903,152.528387,1002.238851,-0.270097,-47.471613,2.238851,0.942418
1.5,200,20,0.1,519,0.917887,139.210976,999.490348,-0.582113,-60.789024,-0.509652,0.973309
1.5,200,20,0.1,520,1.242295,170.589191,1010.486543,-0.257705,-29.410809,10.486543,0.983983
1.5,200,20,0.1,521,1.169914,131.964477,1017.669745,-0.330086,-68.035523,17.669745,0.940473
1.5,200,20,0.1,522,1.136622,126.201665,1027.047828,-0.363378,-73.798335,27.047828,0.985062
1.5,200,20,0.1,523,1.065685,158.366246,1012.133250,-0.434315,-41.633754,12.133250,0.973004
1.5,200,20,0.1,524,1.024317,153.730452,1032.756345,-0.475683,-46.269548,32.756345,0.966375
1.5,200,20,0.1,525,1.157675,203.075449,1021.102702,-0.342325,3.075449,21.102702,0.987707
1.5,200,20,0.1,526,2.154007,160.336951,995.166452,0.654007,-39.663049,-4.833548,0.983830
1.5,200,20,0.1,527,2.100859,244.840471,984.763242,0.600859,44.840471,-15.236758,0.987785
1.5,200,20,0.1,528,0.992953,241.525564,993.020422,-0.507047,41.525564,-6.979578,0.951903
1.5,200,20,0.1,529,1.726120,258.013168,994.839912,0.226120,58.013168,-5.160088,0.974395
1.5,200,20,0.1,530,1.791896,205.139289,980.806982,0.291896,5.139289,-19.193018,0.965717
1.5,200,20,0.1,531,1.089279,103.649083,1047.019311,-0.410721,-96.350917,47.019311,0.974338
1.5,200,20,0.1,532,1.993194,270.629284,984.393752,0.493194,70.629284,-15.606248,0.984658
1.5,200,20,0.1,533,1.138059,193.818591,1005.609340,-0.361941,-6.181409,5.609340,0.980265
1.5,200,20,0.1,534,1.738858,226.301285,991.815488,0.238858,26.301285,-8.184512,0.946964
1.5,200,20,0.1,535,1.247866,185.357024,1022.365783,-0.252134,-14.642976,22.365783,0.972792
1.5,200,20,0.1,536,1.696160,217.307374,985.458537,0.196160,17.307374,-14.541463,0.974973
1.5,200,20,0.1,537,1.076529,138.301273,1037.322288,-0.423471,-61.698727,37.322288,0.906723
1.5,200,20,0.1,538,2.236563,298.592896,940.511220,0.736563,98.592896,-59.488780,0.961551
1.5,200,20,0.1,539,0.975447,123.451623,1013.664583,-0.524553,-76.548377,13.664583,0.975357
1.5,200,20,0.1,540,1.426677,216.081034,1033.100922,-0.073323,16.081034,33.100922,0.983624
1.5,200,20,0.1,541,1.750936,189.803300,979.380332,0.250936,-10.196700,-20.619668,0.976197
1.5,200,20,0.1,542,1.093646,150.416220,1023.654600,-0.406354,-49.583780,23.654600,0.972991
1.5,200,20,0.1,543,2.481509,219.714413,961.063679,0.981509,19.714413,-38.936321,0.985932
1.5,200,20,0.1,544,2.239663,225.818048,1019.050030,0.739663,25.818048,19.050030,0.974907
1.5,200,20,0.1,545,1.954340,178.483013,1002.495085,0.454340,-21.516987,2.495085,0.973149
1.5,200,20,0.1,546,1.012426,166.705925,1022.667305,-0.487574,-33.294075,22.667305,0.982624
1.5,200,20,0.1,547,2.059744,179.474976,976.292452,0.559744,-20.525024,-23.707548,0.984815
1.5,200,20,0.1,548,2.096545,200.166593,970.214856,0.596545,0.166593,-29.785144,0.985168
1.5,200,20,0.1,549,1.168570,168.458348,1004.528286,-0.331430,-31.541652,4.528286,0.982302
1.5,200,20,0.1,550,1.268582,172.460703,1011.586123,-0.231418,-27.539297,11.586123,0.989120
1.5,200,20,0.1,551,1.483030,205.364147,1001.907258,-0.016970,5.364147,1.907258,0.983715
1.5,200,20,0.1,552,1.171430,224.588406,999.600585,-0.328570,24.588406,-0.399415,0.954403
1.5,200,20,0.1,553,2.021353,208.619245,960.914462,0.521353,8.619245,-39.085538,0.986818
1.5,200,20,0.1,554,1.302943,171.855511,1016.230552,-0.197057,-28.144489,16.230552,0.972174
1.5,200,20,0.1,555,1.894983,234.702933,991.427458,0.394983,34.702933,-8.572542,0.966593
1.5,200,20,0.1,556,1.609216,260.498559,969.792092,0.109216,60.498559,-30.207908,0.966225
1.5,200,20,0.1,557,1.200874,174.050732,1004.260872,-0.299126,-25.949268,4.260872,0.981823
1.5,200,20,0.1,558,1.386287,147.260612,1021.459598,-0.113713,-52.739388,21.459598,0.975792
1.5,200,20,0.1,559,1.798629,237.816013,992.216070,0.298629,37.816013,-7.783930,0.984043
1.5,200,20,0.1,560,2.152257,277.740864,951.162832,0.652257,77.740864,-48.837168,0.982924
1.5,200,20,0.1,561,1.782740,195.506877,1019.839039,0.282740,-4.493123,19.839039,0.943883
1.5,200,20,0.1,562,1.389233,127.326745,1003.531370,-0.110767,-72.673255,3.531370,0.984622
1.5,200,20,0.1,563,1.566059,190.203396,986.979898,0.066059,-9.796604,-13.020102,0.948195
1.5,200,20,0.1,564,1.182581,191.410299,1037.187848,-0.317419,-8.589701,37.187848,0.990722
1.5,200,20,0.1,565,1.845650,169.496118,991.620455,0.345650,-30.503882,-8.379545,0.980435
1.5,200,20,0.1,566,2.364025,246.137191,951.629359,0.864025,46.137191,-48.370641,0.985116
1.5,200,20,0.1,567,1.001261,138.708643,1033.093266,-0.498739,-61.291357,33.093266,0.985065
1.5,200,20,0.1,568,2.266528,213.727969,956.083069,0.766528,13.727969,-43.916931,0.981666
1.5,200,20,0.1,569,1.234600,158.693891,1041.797073,-0.265400,-41.306109,41.797073,0.970589
1.5,200,20,0.1,570,2.756876,316.771166,946.621001,1.256876,116.771166,-53.378999,0.951400
1.5,200,20,0.1,571,1.207432,184.615111,1036.787821,-0.292568,-15.384889,36.787821,0.988147
1.5,200,20,0.1,572,1.809404,246.246069,964.379851,0.309404,46.246069,-35.620149,0.952909
1.5,200,20,0.1,573,1.596059,204.557783,993.326321,0.096059,4.557783,-6.673679,0.984953
1.5,200,20,0.1,574,1.616490,198.752808,1002.257622,0.116490,-1.247192,2.257622,0.977315
1.5,200,20,0.1,575,1.074123,148.382761,1011.958967,-0.425877,-51.617239,11.958967,0.986929
1.5,200,20,0.1,576,1.792972,210.236262,970.706869,0.292972,10.236262,-29.293131,0.983893
1.5,200,20,0.1,577,1.125375,177.721261,1010.088068,-0.374625,-22.278739,10.088068,0.976595
1.5,200,20,0.1,578,1.569483,211.142761,983.494891,0.069483,11.142761,-16.505109,0.953125
1.5,200,20,0.1,579,1.192560,152.949377,1017.146549,-0.307440,-47.050623,17.146549,0.967872
1.5,200,20,0.1,580,1.545711,199.398474,978.520267,0.045711,-0.601526,-21.479733,0.953397
1.5,200,20,0.1,581,1.021083,244.073179,995.404556,-0.478917,44.073179,-4.595444,0.964994
1.5,200,20,0.1,582,1.160605,159.720538,1023.325636,-0.339395,-40.279462,23.325636,0.982095
1.5,200,20,0.1,583,1.443260,181.103789,988.232188,-0.056740,-18.896211,-11.767812,0.968553
1.5,200,20,0.1,584,1.486040,252.821504,978.902444,-0.013960,52.821504,-21.097556,0.965906
1.5,200,20,0.1,585,1.195575,209.990575,1001.493601,-0.304425,9.990575,1.493601,0.982861
1.5,200,20,0.1,586,1.245106,159.489239,1016.693231,-0.254894,-40.510761,16.693231,0.979677
1.5,200,20,0.1,587,1.192390,167.693996,1012.322770,-0.307610,-32.306004,12.322770,0.938203
1.5,200,20,0.1,588,1.130123,190.649890,1017.997537,-0.369877,-9.350110,17.997537,0.986216
1.5,200,20,0.1,589,1.550498,208.464582,991.764128,0.050498,8.464582,-8.235872,0.987723
1.5,200,20,0.1,590,1.073929,141.566774,1051.710674,-0.426071,-58.433226,51.710674,0.964335
1.5,200,20,0.1,591,1.695523,208.189212,995.634165,0.195523,8.189212,-4.365835,0.947466
1.5,200,20,0.1,592,2.316321,242.750568,969.200071,0.816321,42.750568,-30.799929,0.989055
1.5,200,20,0.1,593,2.667398,269.166242,942.325076,1.167398,69.166242,-57.674924,0.962353
1.5,200,20,0.1,594,1.171724,178.153275,1005.576025,-0.328276,-21.846725,5.576025,0.984034
1.5,200,20,0.1,595,1.025022,172.076512,1012.465500,-0.474978,-27.923488,12.465500,0.978442
1.5,200,20,0.1,596,1.596967,191.159623,996.603001,0.096967,-8.840377,-3.396999,0.990275
1.5,200,20,0.1,597,1.016117,175.826624,1028.348155,-0.483883,-24.173376,28.348155,0.964719
1.5,200,20,0.1,598,1.282904,145.174942,1041.137298,-0.217096,-54.825058,41.137298,0.974852
1.5,200,20,0.1,599,1.245595,201.732350,1025.240126,-0.254405,1.732350,25.240126,0.969251
1.5,200,20,0.1,600,1.536625,226.130638,994.906032,0.036625,26.130638,-5.093968,0.973614
1.5,200,20,0.1,601,1.925462,276.898873,955.771496,0.425462,76.898873,-44.228504,0.996304
1.5,200,20,0.1,602,1.575283,261.640319,984.624323,0.075283,61.640319,-15.375677,0.985742
1.5,200,20,0.1,603,1.258717,179.593694,999.389893,-0.241283,-20.406306,-0.610107,0.976427
1.5,200,20,0.1,604,1.740589,202.768749,987.963633,0.240589,2.768749,-12.036367,0.989886
1.5,200,20,0.1,605,1.824565,201.138649,1008.843232,0.324565,1.138649,8.843232,0.937430
1.5,200,20,0.1,606,2.108064,190.022197,961.082718,0.608064,-9.977803,-38.917282,0.940414
1.5,200,20,0.1,607,1.618495,233.005827,980.040865,0.118495,33.005827,-19.959135,0.984695
1.5,200,20,0.1,608,1.329084,195.344664,1058.666504,-0.170916,-4.655336,58.666504,0.936723
1.5,200,20,0.1,609,1.048884,142.085592,1039.736931,-0.451116,-57.914408,39.736931,0.990064
1.5,200,20,0.1,610,1.843301,168.275308,988.994115,0.343301,-31.724692,-11.005885,0.947528
1.5,200,20,0.1,611,2.021438,194.182779,969.281572,0.521438,-5.817221,-30.718428,0.963731
1.5,200,20,0.1,612,2.527176,314.996298,922.410593,1.027176,114.996298,-77.589407,0.977299
1.5,200,20,0.1,613,1.199654,195.796934,1000.001126,-0.300346,-4.203066,0.001126,0.975395
1.5,200,20,0.1,614,0.886277,186.347084,1067.503956,-0.613723,-13.652916,67.503956,0.969797
1.5,200,20,0.1,615,1.668237,195.104939,984.114685,0.168237,-4.895061,-15.885315,0.982746
1.5,200,20,0.1,616,1.603478,175.635993,985.721991,0.103478,-24.364007,-14.278009,0.974868
1.5,200,20,0.1,617,1.347958,163.181193,1057.257476,-0.152042,-36.818807,57.257476,0.952631
1.5,200,20,0.1,618,1.872252,177.372512,1025.271217,0.372252,-22.627488,25.271217,0.962857
1.5,200,20,0.1,619,1.779219,178.513813,1003.174978,0.279219,-21.486187,3.174978,0.980461
1.5,200,20,0.1,620,0.948292,174.814274,1010.896309,-0.551708,-25.185726,10.896309,0.964816
1.5,200,20,0.1,621,2.107046,283.330915,959.715388,0.607046,83.330915,-40.284612,0.969259
1.5,200,20,0.1,622,1.730675,170.713929,1003.848248,0.230675,-29.286071,3.848248,0.990353
1.5,200,20,0.1,623,0.942986,133.015516,1053.500791,-0.557014,-66.984484,53.500791,0.983177
1.5,200,20,0.1,624,1.197890,115.860805,1016.960283,-0.302110,-84.139195,16.960283,0.964096
1.5,200,20,0.1,625,0.885342,109.044006,1067.505688,-0.614658,-90.955994,67.505688,0.980447
1.5,200,20,0.1,626,0.872107,143.352518,1058.297477,-0.627893,-56.647482,58.297477,0.977378
1.5,200,20,0.1,627,1.789708,232.669786,1009.664525,0.289708,32.669786,9.664525,0.983794
1.5,200,20,0.1,628,3.710481,346.819274,892.346477,2.210481,146.819274,-107.653523,0.892896
1.5,200,20,0.1,629,0.918187,137.195065,1052.080362,-0.581813,-62.804935,52.080362,0.965428
1.5,200,20,0.1,630,1.975783,244.374078,967.478517,0.475783,44.374078,-32.521483,0.947519
1.5,200,20,0.1,631,2.213458,225.586183,991.188583,0.713458,25.586183,-8.811417,0.953357
1.5,200,20,0.1,632,1.195538,166.890209,1000.288806,-0.304462,-33.109791,0.288806,0.970951
1.5,200,20,0.1,633,2.416876,316.527696,938.345616,0.916876,116.527696,-61.654384,0.956949
1.5,200,20,0.1,634,1.711149,228.947158,974.513847,0.211149,28.947158,-25.486153,0.990635
1.5,200,20,0.1,635,1.150144,149.327777,1007.154303,-0.349856,-50.672223,7.154303,0.941523
1.5,200,20,0.1,636,2.510539,297.163106,926.759760,1.010539,97.163106,-73.240240,0.972824
1.5,200,20,0.1,637,1.444050,167.211352,1032.044393,-0.055950,-32.788648,32.044393,0.973538
1.5,200,20,0.1,638,1.122227,180.777027,1021.409777,-0.377773,-19.222973,21.409777,0.989090
1.5,200,20,0.1,639,1.895131,270.831622,955.800563,0.395131,70.831622,-44.199437,0.985103
1.5,200,20,0.1,640,1.640987,253.065110,978.024373,0.140987,53.065110,-21.975627,0.984207
1.5,200,20,0.1,641,2.483764,193.303900,987.817209,0.983764,-6.696100,-12.182791,0.975048
1.5,200,20,0.1,642,2.243013,279.042477,976.806644,0.743013,79.042477,-23.193356,0.939526
1.5,200,20,0.1,643,1.205687,145.360342,1001.064071,-0.294313,-54.639658,1.064071,0.960881
1.5,200,20,0.1,644,1.528953,254.501569,988.106489,0.028953,54.501569,-11.893511,0.982943
1.5,200,20,0.1,645,1.128162,165.030517,1060.171239,-0.371838,-34.969483,60.171239,0.955822
1.5,200,20,0.1,646,2.098745,265.609916,968.586269,0.598745,65.609916,-31.413731,0.987850
1.5,200,20,0.1,647,1.252452,173.688427,1004.694462,-0.247548,-26.311573,4.694462,0.975041
1.5,200,20,0.1,648,1.950430,221.847854,968.483854,0.450430,21.847854,-31.516146,0.975480
1.5,200,20,0.1,649,1.156148,173.771799,1005.404375,-0.343852,-26.228201,5.404375,0.972127
1.5,200,20,0.1,650,1.474973,148.888226,1013.062779,-0.025027,-51.111774,13.062779,0.973424
1.5,200,20,0.1,651,1.385577,237.090875,997.690184,-0.114423,37.090875,-2.309816,0.982226
1.5,200,20,0.1,652,1.833028,201.504978,977.690574,0.333028,1.504978,-22.309426,0.966145
1.5,200,20,0.1,653,1.873186,172.754653,972.104153,0.373186,-27.245347,-27.895847,0.932559
1.5,200,20,0.1,654,2.150640,225.809548,968.445330,0.650640,25.809548,-31.554670,0.971118
1.5,200,20,0.1,655,1.143630,169.018566,1022.340633,-0.356370,-30.981434,22.340633,0.967691
1.5,200,20,0.1,656,1.467022,159.361293,1013.390033,-0.032978,-40.638707,13.390033,0.957415
1.5,200,20,0.1,657,1.274367,212.653112,1013.348185,-0.225633,12.653112,13.348185,0.976788
1.5,200,20,0.1,658,1.131256,129.305151,1002.156795,-0.368744,-70.694849,2.156795,0.974258
1.5,200,20,0.1,659,1.475768,218.646749,997.821349,-0.024232,18.646749,-2.178651,0.977927
1.5,200,20,0.1,660,1.442016,261.126954,984.263175,-0.057984,61.126954,-15.736825,0.964382
1.5,200,20,0.1,661,1.896461,184.226478,987.757281,0.396461,-15.773522,-12.242719,0.988830
1.5,200,20,0.1,662,2.201065,207.516088,992.884513,0.701065,7.516088,-7.115487,0.959366
1.5,200,20,0.1,663,1.185534,190.952870,1014.986492,-0.314466,-9.047130,14.986492,0.980902
1.5,200,20,0.1,664,1.553745,256.589825,972.107447,0.053745,56.589825,-27.892553,0.981444
1.5,200,20,0.1,665,1.593336,177.940206,999.632503,0.093336,-22.059794,-0.367497,0.941496
1.5,200,20,0.1,666,1.118037,195.378575,1019.855534,-0.381963,-4.621425,19.855534,0.949212
1.5,200,20,0.1,667,1.316236,144.342979,1012.079770,-0.183764,-55.657021,12.079770,0.970083
1.5,200,20,0.1,668,1.929557,225.455095,957.260983,0.429557,25.455095,-42.739017,0.904621
1.5,200,20,0.1,669,0.972595,112.475903,1016.982304,-0.527405,-87.524097,16.982304,0.989779
1.5,200,20,0.1,670,1.229011,156.628108,1026.754811,-0.270989,-43.371892,26.754811,0.975697
1.5,200,20,0.1,671,1.898552,169.664769,971.601279,0.398552,-30.335231,-28.398721,0.958499
1.5,200,20,0.1,672,1.872721,261.597725,981.347021,0.372721,61.597725,-18.652979,0.978465
1.5,200,20,0.1,673,1.175097,159.354387,1020.301433,-0.324903,-40.645613,20.301433,0.952645
1.5,200,20,0.1,674,1.690338,261.442537,1004.058270,0.190338,61.442537,4.058270,0.977630
1.5,200,20,0.1,675,1.439580,174.454564,1003.515539,-0.060420,-25.545436,3.515539,0.947411
1.5,200,20,0.1,676,2.413821,212.078965,957.028348,0.913821,12.078965,-42.971652,0.967761
1.5,200,20,0.1,677,2.115986,170.883147,995.277767,0.615986,-29.116853,-4.722233,0.889448
1.5,200,20,0.1,678,1.216472,186.542084,1008.803075,-0.283528,-13.457916,8.803075,0.974135
1.5,200,20,0.1,679,1.919254,278.779788,1000.990210,0.419254,78.779788,0.990210,0.970293
1.5,200,20,0.1,680,1.333166,144.199940,999.856134,-0.166834,-55.800060,-0.143866,0.979660
1.5,200,20,0.1,681,1.879074,236.809820,965.914936,0.379074,36.809820,-34.085064,0.986631
1.5,200,20,0.1,682,1.932424,211.975909,980.074845,0.432424,11.975909,-19.925155,0.966360
1.5,200,20,0.1,683,1.232060,120.031516,1030.038095,-0.267940,-79.968484,30.038095,0.979599
1.5,200,20,0.1,684,1.674318,293.126320,976.912295,0.174318,93.126320,-23.087705,0.968042
1.5,200,20,0.1,685,1.167596,141.652778,1001.462137,-0.332404,-58.347222,1.462137,0.990622
1.5,200,20,0.1,686,1.837465,210.810446,1005.833672,0.337465,10.810446,5.833672,0.957522
1.5,200,20,0.1,687,1.141914,181.713371,1062.924698,-0.358086,-18.286629,62.924698,0.966919
1.5,200,20,0.1,688,1.417969,128.807076,1022.728234,-0.082031,-71.192924,22.728234,0.936190
1.5,200,20,0.1,689,1.842483,194.937516,980.816094,0.342483,-5.062484,-19.183906,0.974376
1.5,200,20,0.1,690,2.188723,236.162392,975.799819,0.688723,36.162392,-24.200181,0.954383
1.5,200,20,0.1,691,1.865851,197.506722,991.623470,0.365851,-2.493278,-8.376530,0.936373
1.5,200,20,0.1,692,1.314313,197.426586,994.571449,-0.185687,-2.573414,-5.428551,0.977273
1.5,200,20,0.1,693,2.316950,338.194719,926.182930,0.816950,138.194719,-73.817070,0.958575
1.5,200,20,0.1,694,2.406197,167.482529,974.007560,0.906197,-32.517471,-25.992440,0.975274
1.5,200,20,0.1,695,1.278373,144.568929,1007.126394,-0.221627,-55.431071,7.126394,0.975856
1.5,200,20,0.1,696,1.782830,255.051200,965.527889,0.282830,55.051200,-34.472111,0.980632
1.5,200,20,0.1,697,1.138487,220.217573,1021.953238,-0.361513,20.217573,21.953238,0.982615
1.5,200,20,0.1,698,0.757686,148.883517,1026.280891,-0.742314,-51.116483,26.280891,0.949954
1.5,200,20,0.1,699,1.658716,198.410360,982.105430,0.158716,-1.589640,-17.894570,0.978498
1.5,200,20,0.1,700,1.834199,227.553991,959.960340,0.334199,27.553991,-40.039660,0.969772
1.5,200,20,0.1,701,2.031336,201.476039,1003.131917,0.531336,1.476039,3.131917,0.943454
1.5,200,20,0.1,702,2.784588,273.836895,932.591862,1.284588,73.836895,-67.408138,0.946961
1.5,200,20,0.1,703,1.158915,167.572553,995.960656,-0.341085,-32.427447,-4.039344,0.971383
1.5,200,20,0.1,704,1.649142,237.215442,969.165260,0.149142,37.215442,-30.834740,0.884554
1.5,200,20,0.1,705,1.115462,221.888848,993.079164,-0.384538,21.888848,-6.920836,0.985953
1.5,200,20,0.1,706,0.910481,126.090917,1018.434037,-0.589519,-73.909083,18.434037,0.978459
1.5,200,20,0.1,707,1.444554,170.946561,1013.981037,-0.055446,-29.053439,13.981037,0.961610
1.5,200,20,0.1,708,1.189051,187.433348,995.776804,-0.310949,-12.566652,-4.223196,0.988044
1.5,200,20,0.1,709,1.877857,245.224429,991.772616,0.377857,45.224429,-8.227384,0.960692
1.5,200,20,0.1,710,1.233803,181.302886,1011.712179,-0.266197,-18.697114,11.712179,0.968601
1.5,200,20,0.1,711,1.963051,192.810153,995.123604,0.463051,-7.189847,-4.876396,0.983378
1.5,200,20,0.1,712,1.517690,295.580609,980.344103,0.017690,95.580609,-19.655897,0.953203
1.5,200,20,0.1,713,1.046259,154.331378,1011.485948,-0.453741,-45.668622,11.485948,0.949956
1.5,200,20,0.1,714,1.715991,164.985166,1022.808778,0.215991,-35.014834,22.808778,0.973313
1.5,200,20,0.1,715,1.228131,137.829532,1002.635404,-0.271869,-62.170468,2.635404,0.967131
1.5,200,20,0.1,716,1.710919,247.331419,979.176804,0.210919,47.331419,-20.823196,0.984585
1.5,200,20,0.1,717,2.376691,288.107307,947.996230,0.876691,88.107307,-52.003770,0.971700
1.5,200,20,0.1,718,1.385681,150.458814,998.772161,-0.114319,-49.541186,-1.227839,0.977279
1.5,200,20,0.1,719,1.672138,180.985097,999.425788,0.172138,-19.014903,-0.574212,0.980199
1.5,200,20,0.1,720,1.641006,205.764879,993.930419,0.141006,5.764879,-6.069581,0.976330
1.5,200,20,0.1,721,2.229419,362.073680,927.773753,0.729419,162.073680,-72.226247,0.980592
1.5,200,20,0.1,722,1.634208,240.793816,969.970220,0.134208,40.793816,-30.029780,0.968012
1.5,200,20,0.1,723,1.006781,164.221054,1021.558997,-0.493219,-35.778946,21.558997,0.976564
1.5,200,20,0.1,724,1.146729,151.496651,1014.673641,-0.353271,-48.503349,14.673641,0.950405
1.5,200,20,0.1,725,1.243858,168.733035,1046.777256,-0.256142,-31.266965,46.777256,0.965001
1.5,200,20,0.1,726,1.157779,149.374225,1020.460674,-0.342221,-50.625775,20.460674,0.978092
1.5,200,20,0.1,727,1.957515,285.948937,963.450786,0.457515,85.948937,-36.549214,0.967366
1.5,200,20,0.1,728,1.362435,200.674682,1014.137702,-0.137565,0.674682,14.137702,0.975014
1.5,200,20,0.1,729,1.557309,234.263419,996.887388,0.057309,34.263419,-3.112612,0.973398
1.5,200,20,0.1,730,1.070820,125.009373,1026.585337,-0.429180,-74.990627,26.585337,0.990722
1.5,200,20,0.1,731,1.981049,237.663466,970.790930,0.481049,37.663466,-29.209070,0.960846
1.5,200,20,0.1,732,1.534039,234.255108,987.563114,0.034039,34.255108,-12.436886,0.977070
1.5,200,20,0.1,733,1.243636,178.169392,1004.033992,-0.256364,-21.830608,4.033992,0.981531
1.5,200,20,0.1,734,2.647132,260.371278,952.662492,1.147132,60.371278,-47.337508,0.971031
1.5,200,20,0.1,735,0.786772,117.047254,1024.646522,-0.713228,-82.952746,24.646522,0.980639
1.5,200,20,0.1,736,1.236739,143.799586,1022.053565,-0.263261,-56.200414,22.053565,0.969378
1.5,200,20,0.1,737,2.539215,283.110042,941.824444,1.039215,83.110042,-58.175556,0.958889
1.5,200,20,0.1,738,2.029942,192.602769,999.221446,0.529942,-7.397231,-0.778554,0.959326
1.5,200,20,0.1,739,1.086585,161.430905,1015.631045,-0.413415,-38.569095,15.631045,0.983541
1.5,200,20,0.1,740,2.132270,191.168146,1000.674921,0.632270,-8.831854,0.674921,0.968156
1.5,200,20,0.1,741,1.556056,201.279302,998.577920,0.056056,1.279302,-1.422080,0.981823
1.5,200,20,0.1,742,1.373053,187.059009,1000.948290,-0.126947,-12.940991,0.948290,0.987126
1.5,200,20,0.1,743,1.196065,174.962825,1034.986087,-0.303935,-25.037175,34.986087,0.960878
1.5,200,20,0.1,744,2.008694,181.171441,1016.192821,0.508694,-18.828559,16.192821,0.986290
1.5,200,20,0.1,745,2.535134,224.221174,950.762463,1.035134,24.221174,-49.237537,0.963133
1.5,200,20,0.1,746,1.918605,211.434792,980.240535,0.418605,11.434792,-19.759465,0.979327
1.5,200,20,0.1,747,1.697948,184.357773,1027.032774,0.197948,-15.642227,27.032774,0.983135
1.5,200,20,0.1,748,1.420559,128.378913,1030.817881,-0.079441,-71.621087,30.817881,0.942448
1.5,200,20,0.1,749,1.990357,247.063632,983.001328,0.490357,47.063632,-16.998672,0.953106
1.5,200,20,0.1,750,2.316218,235.429600,953.304486,0.816218,35.429600,-46.695514,0.944273
1.5,200,20,0.1,751,1.221698,200.513772,1007.345821,-0.278302,0.513772,7.345821,0.991299
1.5,200,20,0.1,752,1.491311,202.687698,1009.418428,-0.008689,2.687698,9.418428,0.987743
1.5,200,20,0.1,753,1.043899,174.076846,1013.904147,-0.456101,-25.923154,13.904147,0.969680
1.5,200,20,0.1,754,2.416779,268.499711,948.858941,0.916779,68.499711,-51.141059,0.982415
1.5,200,20,0.1,755,1.970414,179.113144,991.217785,0.470414,-20.886856,-8.782215,0.966936
1.5,200,20,0.1,756,1.283478,192.190526,998.857415,-0.216522,-7.809474,-1.142585,0.984665
1.5,200,20,0.1,757,2.227117,177.946878,976.206600,0.727117,-22.053122,-23.793400,0.976386
1.5,200,20,0.1,758,2.271748,205.589363,1008.857714,0.771748,5.589363,8.857714,0.968117
1.5,200,20,0.1,759,2.347471,250.627300,956.025935,0.847471,50.627300,-43.974065,0.975024
1.5,200,20,0.1,760,1.505832,231.069217,1010.856568,0.005832,31.069217,10.856568,0.982946
1.5,200,20,0.1,761,2.292766,258.227439,975.484301,0.792766,58.227439,-24.515699,0.975177
1.5,200,20,0.1,762,1.447219,193.937797,990.838861,-0.052781,-6.062203,-9.161139,0.975163
1.5,200,20,0.1,763,2.083226,199.118909,978.424162,0.583226,-0.881091,-21.575838,0.987737
1.5,200,20,0.1,764,1.157847,99.897706,1045.116637,-0.342153,-100.102294,45.116637,0.953630
1.5,200,20,0.1,765,1.343241,172.931954,1010.714976,-0.156759,-27.068046,10.714976,0.977253
1.5,200,20,0.1,766,1.195872,219.321906,993.595699,-0.304128,19.321906,-6.404301,0.983596
1.5,200,20,0.1,767,1.712292,246.751645,976.125706,0.212292,46.751645,-23.874294,0.971880
1.5,200,20,0.1,768,1.799086,228.612697,978.773969,0.299086,28.612697,-21.226031,0.941862
1.5,200,20,0.1,769,1.814224,215.570387,987.382938,0.314224,15.570387,-12.617062,0.967885
1.5,200,20,0.1,770,1.786264,155.254710,1022.499589,0.286264,-44.745290,22.499589,0.972886
1.5,200,20,0.1,771,2.031074,236.127373,962.841514,0.531074,36.127373,-37.158486,0.981459
1.5,200,20,0.1,772,1.793176,200.874121,966.697346,0.293176,0.874121,-33.302654,0.954640
1.5,200,20,0.1,773,1.666508,238.650730,979.435960,0.166508,38.650730,-20.564040,0.967435
1.5,200,20,0.1,774,1.510136,244.233267,982.503298,0.010136,44.233267,-17.496702,0.980792
1.5,200,20,0.1,775,1.463700,173.801900,1002.086692,-0.036300,-26.198100,2.086692,0.963474
1.5,200,20,0.1,776,1.266389,184.396369,1010.180422,-0.233611,-15.603631,10.180422,0.945777
1.5,200,20,0.1,777,0.955185,148.535074,1053.640224,-0.544815,-51.464926,53.640224,0.991573
1.5,200,20,0.1,778,1.119069,204.808667,1035.012729,-0.380931,4.808667,35.012729,0.969022
1.5,200,20,0.1,779,2.435874,302.875073,924.022524,0.935874,102.875073,-75.977476,0.928563
1.5,200,20,0.1,780,2.370341,206.964096,968.458978,0.870341,6.964096,-31.541022,0.938464
1.5,200,20,0.1,781,0.836829,170.297040,1035.717437,-0.663171,-29.702960,35.717437,0.965371
1.5,200,20,0.1,782,1.155397,213.258654,1000.356588,-0.344603,13.258654,0.356588,0.990365
1.5,200,20,0.1,783,1.549127,183.762672,1024.148907,0.049127,-16.237328,24.148907,0.946616
1.5,200,20,0.1,784,2.338289,274.472176,958.769052,0.838289,74.472176,-41.230948,0.929390
1.5,200,20,0.1,785,1.377179,147.274560,1006.805974,-0.122821,-52.725440,6.805974,0.951555
1.5,200,20,0.1,786,1.311621,162.243706,1033.204778,-0.188379,-37.756294,33.204778,0.985818
1.5,200,20,0.1,787,2.359396,262.364196,947.324560,0.859396,62.364196,-52.675440,0.986673
1.5,200,20,0.1,788,1.317922,148.375899,1038.841495,-0.182078,-51.624101,38.841495,0.978382
1.5,200,20,0.1,789,1.239163,147.353403,1042.725472,-0.260837,-52.646597,42.725472,0.958063
1.5,200,20,0.1,790,2.009785,217.033849,976.230261,0.509785,17.033849,-23.769739,0.987801
1.5,200,20,0.1,791,1.278731,160.663586,1006.066042,-0.221269,-39.336414,6.066042,0.986891
1.5,200,20,0.1,792,2.370191,260.268626,954.706054,0.870191,60.268626,-45.293946,0.921075
1.5,200,20,0.1,793,1.335654,155.253915,1021.126319,-0.164346,-44.746085,21.126319,0.959565
1.5,200,20,0.1,794,1.949178,212.888769,993.870979,0.449178,12.888769,-6.129021,0.986520
1.5,200,20,0.1,795,2.821106,359.603978,912.934320,1.321106,159.603978,-87.065680,0.975520
1.5,200,20,0.1,796,2.201431,222.398515,973.978141,0.701431,22.398515,-26.021859,0.974440
1.5,200,20,0.1,797,1.666909,227.049332,967.951280,0.166909,27.049332,-32.048720,0.967884
1.5,200,20,0.1,798,1.267381,205.674292,1009.958739,-0.232619,5.674292,9.958739,0.946943
1.5,200,20,0.1,799,1.344228,189.488479,1037.729602,-0.155772,-10.511521,37.729602,0.968557
1.5,200,20,0.1,800,1.833342,226.541393,1004.275579,0.333342,26.541393,4.275579,0.974530
1.5,200,20,0.1,801,1.878706,221.533410,988.740727,0.378706,21.533410,-11.259273,0.986725
1.5,200,20,0.1,802,1.697177,265.488711,987.009027,0.197177,65.488711,-12.990973,0.983819
1.5,200,20,0.1,803,1.637560,156.600264,1008.477234,0.137560,-43.399736,8.477234,0.931186
1.5,200,20,0.1,804,1.899398,175.173194,983.206156,0.399398,-24.826806,-16.793844,0.994573
1.5,200,20,0.1,805,1.031999,188.593023,1001.739317,-0.468001,-11.406977,1.739317,0.984621
1.5,200,20,0.1,806,2.160652,250.430178,958.770463,0.660652,50.430178,-41.229537,0.947507
1.5,200,20,0.1,807,1.673461,191.882745,1000.213235,0.173461,-8.117255,0.213235,0.961356
1.5,200,20,0.1,808,1.346332,213.210576,1006.390687,-0.153668,13.210576,6.390687,0.977930
1.5,200,20,0.1,809,1.645746,227.568971,972.617260,0.145746,27.568971,-27.382740,0.932501
1.5,200,20,0.1,810,1.671783,217.243628,991.913684,0.171783,17.243628,-8.086316,0.940542
1.5,200,20,0.1,811,2.007260,179.764998,989.856045,0.507260,-20.235002,-10.143955,0.931226
1.5,200,20,0.1,812,1.871945,254.005359,964.368088,0.371945,54.005359,-35.631912,0.968893
1.5,200,20,0.1,813,1.284647,172.704052,992.543656,-0.215353,-27.295948,-7.456344,0.967557
1.5,200,20,0.1,814,1.860015,215.292438,974.973432,0.360015,15.292438,-25.026568,0.968221
1.5,200,20,0.1,815,1.046902,235.471318,1021.188837,-0.453098,35.471318,21.188837,0.964011
1.5,200,20,0.1,816,2.726829,204.368432,955.450277,1.226829,4.368432,-44.549723,0.958311
1.5,200,20,0.1,817,1.857221,197.282973,985.428723,0.357221,-2.717027,-14.571277,0.976479
1.5,200,20,0.1,818,1.180359,162.275712,1028.558705,-0.319641,-37.724288,28.558705,0.979531
1.5,200,20,0.1,819,1.114939,198.062786,1037.819058,-0.385061,-1.937214,37.819058,0.971219
1.5,200,20,0.1,820,0.989997,204.091039,997.901548,-0.510003,4.091039,-2.098452,0.985506
1.5,200,20,0.1,821,1.544166,248.694272,995.133665,0.044166,48.694272,-4.866335,0.978638
1.5,200,20,0.1,822,1.411039,156.074743,1018.159295,-0.088961,-43.925257,18.159295,0.954520
1.5,200,20,0.1,823,0.920135,180.395663,1014.238430,-0.579865,-19.604337,14.238430,0.988879
1.5,200,20,0.1,824,1.249782,162.737536,1015.012382,-0.250218,-37.262464,15.012382,0.975778
1.5,200,20,0.1,825,1.147822,151.757206,1000.726370,-0.352178,-48.242794,0.726370,0.950093
1.5,200,20,0.1,826,1.184316,177.712805,1009.622607,-0.315684,-22.287195,9.622607,0.973505
1.5,200,20,0.1,827,1.133484,210.068662,1017.601934,-0.366516,10.068662,17.601934,0.976325
1.5,200,20,0.1,828,1.112254,204.887949,1007.277698,-0.387746,4.887949,7.277698,0.989296
1.5,200,20,0.1,829,1.906116,253.629329,994.721865,0.406116,53.629329,-5.278135,0.989458
1.5,200,20,0.1,830,2.436467,262.249008,948.385751,0.936467,62.249008,-51.614249,0.956144
1.5,200,20,0.1,831,2.135622,218.025941,986.890457,0.635622,18.025941,-13.109543,0.990011
1.5,200,20,0.1,832,0.968204,108.369623,1001.284834,-0.531796,-91.630377,1.284834,0.990790
1.5,200,20,0.1,833,2.126036,270.485985,986.761146,0.626036,70.485985,-13.238854,0.959313
1.5,200,20,0.1,834,1.172144,121.336951,1010.021116,-0.327856,-78.663049,10.021116,0.966227
1.5,200,20,0.1,835,1.386809,195.541615,1028.090602,-0.113191,-4.458385,28.090602,0.969032
1.5,200,20,0.1,836,0.898955,147.173958,1044.451877,-0.601045,-52.826042,44.451877,0.972171
1.5,200,20,0.1,837,0.848675,119.745958,1016.668622,-0.651325,-80.254042,16.668622,0.985684
1.5,200,20,0.1,838,2.293668,204.032632,971.824993,0.793668,4.032632,-28.175007,0.989505
1.5,200,20,0.1,839,1.050238,193.193138,1013.050028,-0.449762,-6.806862,13.050028,0.961762
1.5,200,20,0.1,840,2.055309,208.612247,996.846393,0.555309,8.612247,-3.153607,0.964483
1.5,200,20,0.1,841,1.465048,197.763214,997.378984,-0.034952,-2.236786,-2.621016,0.972171
1.5,200,20,0.1,842,2.264042,219.162143,961.841253,0.764042,19.162143,-38.158747,0.977587
1.5,200,20,0.1,843,1.182720,178.098460,1021.377648,-0.317280,-21.901540,21.377648,0.980178
1.5,200,20,0.1,844,0.842552,105.545630,1015.094383,-0.657448,-94.454370,15.094383,0.992500
1.5,200,20,0.1,845,1.245402,168.309882,1025.225296,-0.254598,-31.690118,25.225296,0.927757
1.5,200,20,0.1,846,1.257914,171.828326,997.393498,-0.242086,-28.171674,-2.606502,0.971130
1.5,200,20,0.1,847,1.968160,258.245906,979.955146,0.468160,58.245906,-20.044854,0.966395
1.5,200,20,0.1,848,1.387460,173.130116,1002.362387,-0.112540,-26.869884,2.362387,0.971119
1.5,200,20,0.1,849,1.172909,199.579382,1007.393137,-0.327091,-0.420618,7.393137,0.962979
1.5,200,20,0.1,850,2.363353,261.473167,940.917202,0.863353,61.473167,-59.082798,0.948630
1.5,200,20,0.1,851,2.303668,281.173440,993.981609,0.803668,81.173440,-6.018391,0.963183
1.5,200,20,0.1,852,1.079581,171.224840,1025.428433,-0.420419,-28.775160,25.428433,0.951618
1.5,200,20,0.1,853,0.954374,121.541093,1048.148042,-0.545626,-78.458907,48.148042,0.954995
1.5,200,20,0.1,854,1.575406,209.688119,989.834030,0.075406,9.688119,-10.165970,0.983726
1.5,200,20,0.1,855,2.302931,226.120162,966.433515,0.802931,26.120162,-33.566485,0.978645
1.5,200,20,0.1,856,1.231723,132.722850,1036.985080,-0.268277,-67.277150,36.985080,0.969717
1.5,200,20,0.1,857,1.251970,152.114467,1017.375206,-0.248030,-47.885533,17.375206,0.987886
1.5,200,20,0.1,858,1.278600,179.261843,1009.934759,-0.221400,-20.738157,9.934759,0.964999
1.5,200,20,0.1,859,2.719546,252.035462,940.508637,1.219546,52.035462,-59.491363,0.978823
1.5,200,20,0.1,860,2.453125,317.318734,942.028650,0.953125,117.318734,-57.971350,0.953082
1.5,200,20,0.1,861,1.099265,212.370501,1001.288278,-0.400735,12.370501,1.288278,0.978885
1.5,200,20,0.1,862,1.354402,185.844620,1009.564292,-0.145598,-14.155380,9.564292,0.972811
1.5,200,20,0.1,863,1.212386,180.523945,1039.263244,-0.287614,-19.476055,39.263244,0.992297
1.5,200,20,0.1,864,1.748908,218.668105,986.057959,0.248908,18.668105,-13.942041,0.936937
1.5,200,20,0.1,865,2.312770,193.073398,986.377933,0.812770,-6.926602,-13.622067,0.981274
1.5,200,20,0.1,866,2.105443,299.054957,958.518091,0.605443,99.054957,-41.481909,0.988045
1.5,200,20,0.1,867,1.746723,283.722593,961.494398,0.246723,83.722593,-38.505602,0.985085
1.5,200,20,0.1,868,1.717120,235.657714,988.024197,0.217120,35.657714,-11.975803,0.936620
1.5,200,20,0.1,869,1.090314,122.342094,1018.128446,-0.409686,-77.657906,18.128446,0.972063
1.5,200,20,0.1,870,2.478186,217.830897,961.561885,0.978186,17.830897,-38.438115,0.988510
1.5,200,20,0.1,871,1.485268,145.168645,1002.799397,-0.014732,-54.831355,2.799397,0.964917
1.5,200,20,0.1,872,0.882976,111.682271,1022.178502,-0.617024,-88.317729,22.178502,0.970654
1.5,200,20,0.1,873,1.150630,181.545611,1017.715742,-0.349370,-18.454389,17.715742,0.979254
1.5,200,20,0.1,874,1.849504,218.971932,970.822857,0.349504,18.971932,-29.177143,0.935613
1.5,200,20,0.1,875,1.105709,131.809031,1034.767806,-0.394291,-68.190969,34.767806,0.965416
1.5,200,20,0.1,876,0.846453,200.022354,1024.053421,-0.653547,0.022354,24.053421,0.984345
1.5,200,20,0.1,877,1.354730,230.831173,996.147513,-0.145270,30.831173,-3.852487,0.982290
1.5,200,20,0.1,878,1.809809,265.585483,978.016126,0.309809,65.585483,-21.983874,0.987919
1.5,200,20,0.1,879,1.283436,173.396263,1018.806052,-0.216564,-26.603737,18.806052,0.978852
1.5,200,20,0.1,880,1.198671,192.301047,994.535162,-0.301329,-7.698953,-5.464838,0.990316
1.5,200,20,0.1,881,1.261944,166.230758,999.260132,-0.238056,-33.769242,-0.739868,0.980272
1.5,200,20,0.1,882,1.753402,232.165133,991.142896,0.253402,32.165133,-8.857104,0.944981
1.5,200,20,0.1,883,1.440892,160.233452,1002.800205,-0.059108,-39.766548,2.800205,0.974403
1.5,200,20,0.1,884,2.050715,280.028734,976.173588,0.550715,80.028734,-23.826412,0.936041
1.5,200,20,0.1,885,2.352930,307.295136,943.186226,0.852930,107.295136,-56.813774,0.973930
1.5,200,20,0.1,886,1.280713,181.267200,1008.598794,-0.219287,-18.732800,8.598794,0.980036
1.5,200,20,0.1,887,1.330035,166.243402,1013.407416,-0.169965,-33.756598,13.407416,0.933851
1.5,200,20,0.1,888,2.409824,224.388114,983.998425,0.909824,24.388114,-16.001575,0.968919
1.5,200,20,0.1,889,0.943616,174.901783,1027.056281,-0.556384,-25.098217,27.056281,0.916786
1.5,200,20,0.1,890,1.578096,223.745201,988.695807,0.078096,23.745201,-11.304193,0.973863
1.5,200,20,0.1,891,1.090151,189.347697,1031.531331,-0.409849,-10.652303,31.531331,0.991661
1.5,200,20,0.1,892,1.571930,129.224569,1049.749180,0.071930,-70.775431,49.749180,0.904376
1.5,200,20,0.1,893,1.425659,225.880337,991.986723,-0.074341,25.880337,-8.013277,0.962709
1.5,200,20,0.1,894,1.206175,176.514822,1016.951268,-0.293825,-23.485178,16.951268,0.962270
1.5,200,20,0.1,895,1.760185,192.796395,1015.763392,0.260185,-7.203605,15.763392,0.959887
1.5,200,20,0.1,896,0.996521,133.062875,1060.839383,-0.503479,-66.937125,60.839383,0.929039
1.5,200,20,0.1,897,1.165006,157.432240,994.966917,-0.334994,-42.567760,-5.033083,0.979210
1.5,200,20,0.1,898,1.717152,242.697717,972.017553,0.217152,42.697717,-27.982447,0.978949
1.5,200,20,0.1,899,2.038625,275.561421,952.456927,0.538625,75.561421,-47.543073,0.985262
1.5,200,20,0.1,900,1.231979,159.514259,1004.625829,-0.268021,-40.485741,4.625829,0.969538
1.5,200,20,0.1,901,1.705853,233.535541,971.525266,0.205853,33.535541,-28.474734,0.966239
1.5,200,20,0.1,902,1.414307,236.314775,1033.512766,-0.085693,36.314775,33.512766,0.974359
1.5,200,20,0.1,903,2.059447,213.171649,998.018659,0.559447,13.171649,-1.981341,0.966786
1.5,200,20,0.1,904,1.198830,176.336708,1001.240427,-0.301170,-23.663292,1.240427,0.983051
1.5,200,20,0.1,905,1.434422,204.853355,988.986806,-0.065578,4.853355,-11.013194,0.974994
1.5,200,20,0.1,906,1.191605,170.420631,1001.623628,-0.308395,-29.579369,1.623628,0.974652
1.5,200,20,0.1,907,2.055270,268.193656,997.348978,0.555270,68.193656,-2.651022,0.918192
1.5,200,20,0.1,908,1.768866,223.546683,987.065537,0.268866,23.546683,-12.934463,0.958946
1.5,200,20,0.1,909,1.716169,261.805451,968.602173,0.216169,61.805451,-31.397827,0.981504
1.5,200,20,0.1,910,2.191679,245.490105,970.968920,0.691679,45.490105,-29.031080,0.972428
1.5,200,20,0.1,911,2.073404,325.656637,983.646143,0.573404,125.656637,-16.353857,0.943031
1.5,200,20,0.1,912,1.133367,203.263889,1029.631634,-0.366633,3.263889,29.631634,0.970826
1.5,200,20,0.1,913,1.325818,142.756464,1027.926807,-0.174182,-57.243536,27.926807,0.906601
1.5,200,20,0.1,914,1.090852,139.011787,1018.131346,-0.409148,-60.988213,18.131346,0.993935
1.5,200,20,0.1,915,2.071737,226.169405,959.670607,0.571737,26.169405,-40.329393,0.974549
1.5,200,20,0.1,916,1.717050,236.572608,980.983791,0.217050,36.572608,-19.016209,0.977319
1.5,200,20,0.1,917,2.686406,272.283254,951.980460,1.186406,72.283254,-48.019540,0.905922
1.5,200,20,0.1,918,2.065800,201.074809,1011.684861,0.565800,1.074809,11.684861,0.974505
1.5,200,20,0.1,919,1.867649,217.495923,983.479878,0.367649,17.495923,-16.520122,0.982578
1.5,200,20,0.1,920,1.201729,160.798593,1020.050745,-0.298271,-39.201407,20.050745,0.979799
1.5,200,20,0.1,921,1.225441,175.730164,1017.805043,-0.274559,-24.269836,17.805043,0.993594
1.5,200,20,0.1,922,2.133179,248.694389,969.838375,0.633179,48.694389,-30.161625,0.988780
1.5,200,20,0.1,923,1.184405,182.379181,996.789684,-0.315595,-17.620819,-3.210316,0.983660
1.5,200,20,0.1,924,1.187034,103.288218,1004.514512,-0.312966,-96.711782,4.514512,0.991908
1.5,200,20,0.1,925,2.406557,176.170218,976.165435,0.906557,-23.829782,-23.834565,0.982183
1.5,200,20,0.1,926,1.263805,153.459972,1013.707396,-0.236195,-46.540028,13.707396,0.980241
1.5,200,20,0.1,927,1.175367,152.942342,1022.559196,-0.324633,-47.057658,22.559196,0.964464
1.5,200,20,0.1,928,1.632521,236.504268,989.146479,0.132521,36.504268,-10.853521,0.972014
1.5,200,20,0.1,929,2.389123,307.232909,932.946441,0.889123,107.232909,-67.053559,0.878120
1.5,200,20,0.1,930,2.133727,329.684214,961.608225,0.633727,129.684214,-38.391775,0.978753
1.5,200,20,0.1,931,1.290065,172.043131,996.300355,-0.209935,-27.956869,-3.699645,0.981873
1.5,200,20,0.1,932,1.115493,150.352260,1004.947067,-0.384507,-49.647740,4.947067,0.990757
1.5,200,20,0.1,933,1.865272,220.421443,975.136025,0.365272,20.421443,-24.863975,0.981347
1.5,200,20,0.1,934,1.835221,294.317732,964.599766,0.335221,94.317732,-35.400234,0.986071
1.5,200,20,0.1,935,1.771519,241.529335,974.063608,0.271519,41.529335,-25.936392,0.969653
1.5,200,20,0.1,936,1.279482,152.039528,1023.977398,-0.220518,-47.960472,23.977398,0.989990
1.5,200,20,0.1,937,2.025967,267.265341,951.747579,0.525967,67.265341,-48.252421,0.941178
1.5,200,20,0.1,938,1.108969,107.257296,1038.648567,-0.391031,-92.742704,38.648567,0.975872
1.5,200,20,0.1,939,1.141318,206.637912,1031.174070,-0.358682,6.637912,31.174070,0.974283
1.5,200,20,0.1,940,2.219860,242.153042,970.421500,0.719860,42.153042,-29.578500,0.888289
1.5,200,20,0.1,941,1.967483,257.437358,970.860802,0.467483,57.437358,-29.139198,0.949608
1.5,200,20,0.1,942,1.236245,255.829114,1039.320420,-0.263755,55.829114,39.320420,0.990053
1.5,200,20,0.1,943,2.043400,299.206298,994.041228,0.543400,99.206298,-5.958772,0.982254
1.5,200,20,0.1,944,0.992565,214.204552,1011.590085,-0.507435,14.204552,11.590085,0.968575
1.5,200,20,0.1,945,2.649448,293.609179,936.239895,1.149448,93.609179,-63.760105,0.967434
1.5,200,20,0.1,946,1.339618,162.204379,1007.333469,-0.160382,-37.795621,7.333469,0.969388
1.5,200,20,0.1,947,1.962115,234.667458,974.257947,0.462115,34.667458,-25.742053,0.979229
1.5,200,20,0.1,948,2.367207,283.137860,957.327219,0.867207,83.137860,-42.672781,0.961218
1.5,200,20,0.1,949,1.875686,261.313023,976.192394,0.375686,61.313023,-23.807606,0.984895
1.5,200,20,0.1,950,0.743288,113.614737,1035.675418,-0.756712,-86.385263,35.675418,0.979160
1.5,200,20,0.1,951,1.146714,186.030764,994.316742,-0.353286,-13.969236,-5.683258,0.950190
1.5,200,20,0.1,952,2.490373,336.330528,930.214694,0.990373,136.330528,-69.785306,0.991029
1.5,200,20,0.1,953,1.987026,190.898782,996.861137,0.487026,-9.101218,-3.138863,0.901759
1.5,200,20,0.1,954,1.843155,231.079428,981.910780,0.343155,31.079428,-18.089220,0.955704
1.5,200,20,0.1,955,2.317410,152.920734,991.790517,0.817410,-47.079266,-8.209483,0.955970
1.5,200,20,0.1,956,0.919497,137.304449,1018.189815,-0.580503,-62.695551,18.189815,0.980651
1.5,200,20,0.1,957,1.273238,213.977009,993.532571,-0.226762,13.977009,-6.467429,0.986569
1.5,200,20,0.1,958,1.112563,180.583842,1012.130661,-0.387437,-19.416158,12.130661,0.928187
1.5,200,20,0.1,959,0.962649,170.970789,1010.388750,-0.537351,-29.029211,10.388750,0.966606
1.5,200,20,0.1,960,1.662201,171.451861,1008.179861,0.162201,-28.548139,8.179861,0.971480
1.5,200,20,0.1,961,1.186510,161.054628,1000.932583,-0.313490,-38.945372,0.932583,0.989497
1.5,200,20,0.1,962,1.429476,214.644090,1003.127853,-0.070524,14.644090,3.127853,0.987815
1.5,200,20,0.1,963,1.350085,112.878268,1028.908787,-0.149915,-87.121732,28.908787,0.943151
1.5,200,20,0.1,964,1.271175,183.927180,1031.994440,-0.228825,-16.072820,31.994440,0.971921
1.5,200,20,0.1,965,1.523131,195.150056,1005.140878,0.023131,-4.849944,5.140878,0.992535
1.5,200,20,0.1,966,1.254688,185.913052,1001.628067,-0.245312,-14.086948,1.628067,0.978502
1.5,200,20,0.1,967,1.133374,132.357384,1035.865938,-0.366626,-67.642616,35.865938,0.959987
1.5,200,20,0.1,968,1.225645,215.969645,1038.034685,-0.274355,15.969645,38.034685,0.975803
1.5,200,20,0.1,969,2.045683,216.471216,980.343357,0.545683,16.471216,-19.656643,0.936903
1.5,200,20,0.1,970,1.175327,188.380138,1019.039684,-0.324673,-11.619862,19.039684,0.988502
1.5,200,20,0.1,971,1.110708,194.384504,1001.174690,-0.389292,-5.615496,1.174690,0.959903
1.5,200,20,0.1,972,1.045955,166.852554,1095.162839,-0.454045,-33.147446,95.162839,0.985345
1.5,200,20,0.1,973,2.811347,233.611988,938.241630,1.311347,33.611988,-61.758370,0.962690
1.5,200,20,0.1,974,1.102359,214.884580,1007.999918,-0.397641,14.884580,7.999918,0.989685
1.5,200,20,0.1,975,1.991462,179.162297,988.653852,0.491462,-20.837703,-11.346148,0.905512
1.5,200,20,0.1,976,1.144414,134.141148,1022.555540,-0.355586,-65.858852,22.555540,0.948056
1.5,200,20,0.1,977,1.023824,179.244601,997.696033,-0.476176,-20.755399,-2.303967,0.976099
1.5,200,20,0.1,978,2.013980,190.836483,1002.922240,0.513980,-9.163517,2.922240,0.988389
1.5,200,20,0.1,979,1.079144,152.386723,1005.012325,-0.420856,-47.613277,5.012325,0.956058
1.5,200,20,0.1,980,2.302034,286.868325,944.250477,0.802034,86.868325,-55.749523,0.984142
1.5,200,20,0.1,981,0.920601,152.702514,1007.447870,-0.579399,-47.297486,7.447870,0.986631
1.5,200,20,0.1,982,1.179409,191.529667,1020.791975,-0.320591,-8.470333,20.791975,0.974080
1.5,200,20,0.1,983,1.773529,208.726602,1028.767774,0.273529,8.726602,28.767774,0.982785
1.5,200,20,0.1,984,1.362286,179.092312,999.115475,-0.137714,-20.907688,-0.884525,0.967812
1.5,200,20,0.1,985,1.094572,142.554941,1017.734315,-0.405428,-57.445059,17.734315,0.983024
1.5,200,20,0.1,986,1.940899,237.082165,972.382427,0.440899,37.082165,-27.617573,0.950535
1.5,200,20,0.1,987,1.995102,208.707062,978.314106,0.495102,8.707062,-21.685894,0.985014
1.5,200,20,0.1,988,1.146852,203.880732,1012.049062,-0.353148,3.880732,12.049062,0.984329
1.5,200,20,0.1,989,1.677490,253.784652,971.315933,0.177490,53.784652,-28.684067,0.975414
1.5,200,20,0.1,990,1.803096,177.287487,985.314570,0.303096,-22.712513,-14.685430,0.946767
1.5,200,20,0.1,991,2.416566,217.564136,974.670014,0.916566,17.564136,-25.329986,0.869000
1.5,200,20,0.1,992,1.295705,183.244391,1024.010074,-0.204295,-16.755609,24.010074,0.976949
1.5,200,20,0.1,993,1.705199,255.181026,997.193808,0.205199,55.181026,-2.806192,0.969461
1.5,200,20,0.1,994,1.171937,156.615594,993.199153,-0.328063,-43.384406,-6.800847,0.964773
1.5,200,20,0.1,995,1.715152,202.242640,988.973613,0.215152,2.242640,-11.026387,0.973123
1.5,200,20,0.1,996,1.505221,184.601175,986.000869,0.005221,-15.398825,-13.999131,0.947719
1.5,200,20,0.1,997,1.294709,167.702032,1038.668312,-0.205291,-32.297968,38.668312,0.961657
1.5,200,20,0.1,998,1.721737,250.256506,983.031169,0.221737,50.256506,-16.968831,0.981332
1.5,200,20,0.1,999,1.201613,156.107841,1037.312600,-0.298387,-43.892159,37.312600,0.939903
1.5,200,20,0.1,1000,1.054090,153.928270,1005.419931,-0.445910,-46.071730,5.419931,0.925134
